Date and Time,Time (s),Vertical Force A (N),Vertical Force B (N)
10/26/2019 10:06:42 am,0.0,364.62,354.65
10/26/2019 10:06:42 am,0.001,364.86,354.5
10/26/2019 10:06:42 am,0.002,365.11,355.16
10/26/2019 10:06:42 am,0.003,364.89,354.94
10/26/2019 10:06:42 am,0.004,364.59,355.32
10/26/2019 10:06:42 am,0.005,364.51,355.1
10/26/2019 10:06:42 am,0.006,364.49,355.16
10/26/2019 10:06:42 am,0.006999999999999999,364.46,355.62
10/26/2019 10:06:42 am,0.008,364.05,355.53
10/26/2019 10:06:42 am,0.009000000000000001,364.27,355.0
10/26/2019 10:06:42 am,0.01,364.27,355.32
10/26/2019 10:06:42 am,0.011000000000000001,364.59,355.65
10/26/2019 10:06:42 am,0.012,364.54,355.65
10/26/2019 10:06:42 am,0.013000000000000001,363.97,355.86
10/26/2019 10:06:42 am,0.013999999999999999,364.4,355.46
10/26/2019 10:06:42 am,0.015,364.22,355.75
10/26/2019 10:06:42 am,0.016,364.51,356.26
10/26/2019 10:06:42 am,0.017,364.24,355.97
10/26/2019 10:06:42 am,0.018000000000000002,364.22,355.7
10/26/2019 10:06:42 am,0.019,364.4,356.08
10/26/2019 10:06:42 am,0.02,363.7,356.21
10/26/2019 10:06:42 am,0.021,364.19,356.64
10/26/2019 10:06:42 am,0.022000000000000002,364.02,356.43
10/26/2019 10:06:42 am,0.023,363.86,356.75
10/26/2019 10:06:42 am,0.024,364.48,356.56
10/26/2019 10:06:42 am,0.025,363.84,356.54
10/26/2019 10:06:42 am,0.026000000000000002,364.11,356.56
10/26/2019 10:06:42 am,0.027000000000000003,364.16,356.83
10/26/2019 10:06:42 am,0.027999999999999997,363.62,356.69
10/26/2019 10:06:42 am,0.028999999999999998,364.05,356.86
10/26/2019 10:06:42 am,0.03,364.21,357.18
10/26/2019 10:06:42 am,0.031,364.11,357.13
10/26/2019 10:06:42 am,0.032,364.11,357.21
10/26/2019 10:06:42 am,0.033,364.43,357.0
10/26/2019 10:06:42 am,0.034,364.1,356.96
10/26/2019 10:06:42 am,0.035,364.35,357.53
10/26/2019 10:06:42 am,0.036000000000000004,364.35,357.72
10/26/2019 10:06:42 am,0.037000000000000005,364.21,357.61
10/26/2019 10:06:42 am,0.038,363.97,357.43
10/26/2019 10:06:42 am,0.039,364.03,357.29
10/26/2019 10:06:42 am,0.04,364.27,357.59
10/26/2019 10:06:42 am,0.040999999999999995,364.65,357.8
10/26/2019 10:06:42 am,0.042,364.43,357.91
10/26/2019 10:06:42 am,0.043,364.19,357.75
10/26/2019 10:06:42 am,0.044000000000000004,364.16,358.2
10/26/2019 10:06:42 am,0.045,364.38,358.77
10/26/2019 10:06:42 am,0.046,364.3,358.23
10/26/2019 10:06:42 am,0.047,364.67,358.67
10/26/2019 10:06:42 am,0.048,364.57,358.86
10/26/2019 10:06:42 am,0.049,364.7,358.75
10/26/2019 10:06:42 am,0.05,364.46,358.61
10/26/2019 10:06:42 am,0.051,364.84,358.83
10/26/2019 10:06:42 am,0.052000000000000005,364.22,359.16
10/26/2019 10:06:42 am,0.053,364.38,359.43
10/26/2019 10:06:42 am,0.054000000000000006,364.46,359.26
10/26/2019 10:06:42 am,0.055,364.35,359.37
10/26/2019 10:06:42 am,0.055999999999999994,364.73,359.16
10/26/2019 10:06:42 am,0.057,363.84,359.19
10/26/2019 10:06:42 am,0.057999999999999996,364.27,359.75
10/26/2019 10:06:42 am,0.059000000000000004,364.21,359.26
10/26/2019 10:06:42 am,0.06,364.4,359.4
10/26/2019 10:06:42 am,0.061,364.4,359.64
10/26/2019 10:06:42 am,0.062,364.48,359.86
10/26/2019 10:06:42 am,0.063,364.05,359.51
10/26/2019 10:06:42 am,0.064,364.11,360.05
10/26/2019 10:06:42 am,0.065,364.59,360.15
10/26/2019 10:06:42 am,0.066,364.05,359.91
10/26/2019 10:06:42 am,0.067,364.32,360.43
10/26/2019 10:06:42 am,0.068,364.48,360.32
10/26/2019 10:06:42 am,0.069,364.24,360.1
10/26/2019 10:06:42 am,0.07,364.13,360.32
10/26/2019 10:06:42 am,0.071,364.4,360.43
10/26/2019 10:06:42 am,0.07200000000000001,364.05,360.08
10/26/2019 10:06:42 am,0.073,363.94,361.05
10/26/2019 10:06:42 am,0.07400000000000001,364.05,360.29
10/26/2019 10:06:42 am,0.075,364.08,360.99
10/26/2019 10:06:42 am,0.076,363.78,361.07
10/26/2019 10:06:42 am,0.077,363.62,360.42
10/26/2019 10:06:42 am,0.078,363.4,360.56
10/26/2019 10:06:42 am,0.079,363.24,360.81
10/26/2019 10:06:42 am,0.08,363.21,360.56
10/26/2019 10:06:42 am,0.081,363.29,360.75
10/26/2019 10:06:42 am,0.08199999999999999,363.11,361.0
10/26/2019 10:06:42 am,0.083,362.94,360.67
10/26/2019 10:06:42 am,0.084,363.62,360.61
10/26/2019 10:06:42 am,0.085,363.38,360.89
10/26/2019 10:06:42 am,0.086,363.13,360.76
10/26/2019 10:06:42 am,0.087,362.78,360.45
10/26/2019 10:06:42 am,0.08800000000000001,362.56,360.62
10/26/2019 10:06:42 am,0.08900000000000001,362.75,360.99
10/26/2019 10:06:42 am,0.09,362.67,360.67
10/26/2019 10:06:42 am,0.091,363.16,360.46
10/26/2019 10:06:42 am,0.092,362.0,360.53
10/26/2019 10:06:42 am,0.09300000000000001,362.84,360.57
10/26/2019 10:06:42 am,0.094,362.27,360.59
10/26/2019 10:06:42 am,0.095,362.16,360.54
10/26/2019 10:06:42 am,0.096,362.43,360.4
10/26/2019 10:06:42 am,0.09699999999999999,362.27,360.56
10/26/2019 10:06:42 am,0.098,361.89,360.67
10/26/2019 10:06:42 am,0.099,362.19,360.86
10/26/2019 10:06:42 am,0.1,362.4,360.56
10/26/2019 10:06:42 am,0.10099999999999999,362.0,360.76
10/26/2019 10:06:42 am,0.102,362.19,360.78
10/26/2019 10:06:42 am,0.10300000000000001,361.94,360.64
10/26/2019 10:06:42 am,0.10400000000000001,361.75,360.24
10/26/2019 10:06:42 am,0.105,361.19,360.62
10/26/2019 10:06:42 am,0.106,361.57,360.57
10/26/2019 10:06:42 am,0.107,361.3,360.51
10/26/2019 10:06:42 am,0.10800000000000001,361.29,360.1
10/26/2019 10:06:42 am,0.109,361.43,360.18
10/26/2019 10:06:42 am,0.11,360.86,360.75
10/26/2019 10:06:42 am,0.111,360.67,360.51
10/26/2019 10:06:42 am,0.11199999999999999,360.94,360.24
10/26/2019 10:06:42 am,0.113,360.78,360.05
10/26/2019 10:06:42 am,0.114,361.19,360.35
10/26/2019 10:06:42 am,0.115,360.64,360.43
10/26/2019 10:06:42 am,0.11599999999999999,360.97,360.16
10/26/2019 10:06:42 am,0.11699999999999999,360.48,359.92
10/26/2019 10:06:42 am,0.11800000000000001,361.02,360.19
10/26/2019 10:06:42 am,0.11900000000000001,360.27,360.11
10/26/2019 10:06:42 am,0.12,360.75,359.97
10/26/2019 10:06:42 am,0.121,360.35,360.38
10/26/2019 10:06:42 am,0.122,360.29,360.19
10/26/2019 10:06:42 am,0.12300000000000001,360.51,360.33
10/26/2019 10:06:42 am,0.124,360.29,359.99
10/26/2019 10:06:42 am,0.125,360.29,359.92
10/26/2019 10:06:42 am,0.126,360.1,359.52
10/26/2019 10:06:42 am,0.127,359.32,360.0
10/26/2019 10:06:42 am,0.128,359.65,360.03
10/26/2019 10:06:42 am,0.129,359.54,359.78
10/26/2019 10:06:42 am,0.13,359.67,359.89
10/26/2019 10:06:42 am,0.131,359.37,360.02
10/26/2019 10:06:42 am,0.132,359.24,359.76
10/26/2019 10:06:42 am,0.133,359.56,359.75
10/26/2019 10:06:42 am,0.134,359.1,359.95
10/26/2019 10:06:42 am,0.135,359.08,359.84
10/26/2019 10:06:42 am,0.136,359.18,359.92
10/26/2019 10:06:42 am,0.13699999999999998,359.18,359.97
10/26/2019 10:06:42 am,0.138,359.38,360.21
10/26/2019 10:06:42 am,0.139,359.0,359.86
10/26/2019 10:06:42 am,0.14,358.97,359.73
10/26/2019 10:06:42 am,0.141,358.89,359.81
10/26/2019 10:06:42 am,0.142,358.7,360.19
10/26/2019 10:06:42 am,0.14300000000000002,359.03,360.19
10/26/2019 10:06:42 am,0.14400000000000002,359.02,359.76
10/26/2019 10:06:42 am,0.145,358.78,360.44
10/26/2019 10:06:42 am,0.146,358.51,360.35
10/26/2019 10:06:42 am,0.147,358.48,360.16
10/26/2019 10:06:42 am,0.14800000000000002,358.35,359.95
10/26/2019 10:06:42 am,0.149,358.65,360.25
10/26/2019 10:06:42 am,0.15,358.89,360.06
10/26/2019 10:06:42 am,0.151,358.73,360.11
10/26/2019 10:06:42 am,0.152,358.38,360.49
10/26/2019 10:06:42 am,0.153,358.29,360.29
10/26/2019 10:06:42 am,0.154,358.49,360.44
10/26/2019 10:06:42 am,0.155,358.59,360.76
10/26/2019 10:06:42 am,0.156,358.35,360.95
10/26/2019 10:06:42 am,0.157,358.86,360.65
10/26/2019 10:06:42 am,0.158,358.64,361.14
10/26/2019 10:06:42 am,0.159,358.35,360.46
10/26/2019 10:06:42 am,0.16,358.4,360.59
10/26/2019 10:06:42 am,0.161,358.56,361.11
10/26/2019 10:06:42 am,0.162,358.24,360.81
10/26/2019 10:06:42 am,0.163,358.27,361.13
10/26/2019 10:06:42 am,0.16399999999999998,358.32,360.97
10/26/2019 10:06:42 am,0.165,358.24,361.03
10/26/2019 10:06:42 am,0.166,358.51,361.46
10/26/2019 10:06:42 am,0.16699999999999998,358.19,360.73
10/26/2019 10:06:42 am,0.168,358.57,361.03
10/26/2019 10:06:42 am,0.16899999999999998,358.4,360.95
10/26/2019 10:06:42 am,0.17,358.51,361.0
10/26/2019 10:06:42 am,0.171,359.03,361.11
10/26/2019 10:06:42 am,0.172,358.76,361.16
10/26/2019 10:06:42 am,0.17300000000000001,359.27,361.22
10/26/2019 10:06:42 am,0.174,359.43,361.73
10/26/2019 10:06:42 am,0.175,359.38,361.38
10/26/2019 10:06:42 am,0.17600000000000002,358.92,361.38
10/26/2019 10:06:42 am,0.177,359.86,361.41
10/26/2019 10:06:42 am,0.17800000000000002,359.65,361.33
10/26/2019 10:06:42 am,0.179,359.81,361.81
10/26/2019 10:06:42 am,0.18,359.59,361.33
10/26/2019 10:06:42 am,0.18100000000000002,359.73,361.27
10/26/2019 10:06:42 am,0.182,359.97,361.52
10/26/2019 10:06:42 am,0.183,359.92,361.3
10/26/2019 10:06:42 am,0.184,359.86,361.36
10/26/2019 10:06:42 am,0.185,360.38,361.44
10/26/2019 10:06:42 am,0.18600000000000003,360.56,361.3
10/26/2019 10:06:42 am,0.187,360.4,361.03
10/26/2019 10:06:42 am,0.188,360.54,361.84
10/26/2019 10:06:42 am,0.18899999999999997,360.75,362.03
10/26/2019 10:06:42 am,0.19,360.75,361.54
10/26/2019 10:06:42 am,0.191,361.0,361.35
10/26/2019 10:06:42 am,0.192,360.86,361.19
10/26/2019 10:06:42 am,0.193,361.05,361.39
10/26/2019 10:06:42 am,0.19399999999999998,360.86,361.66
10/26/2019 10:06:42 am,0.195,360.94,361.47
10/26/2019 10:06:42 am,0.196,360.48,361.22
10/26/2019 10:06:42 am,0.19699999999999998,360.86,360.6
10/26/2019 10:06:42 am,0.198,361.11,361.3
10/26/2019 10:06:42 am,0.19899999999999998,361.32,360.73
10/26/2019 10:06:42 am,0.2,360.84,360.55
10/26/2019 10:06:42 am,0.201,360.89,361.25
10/26/2019 10:06:42 am,0.20199999999999999,361.02,360.82
10/26/2019 10:06:42 am,0.203,361.43,361.06
10/26/2019 10:06:42 am,0.204,360.97,360.79
10/26/2019 10:06:42 am,0.205,361.59,360.63
10/26/2019 10:06:42 am,0.20600000000000002,361.05,360.55
10/26/2019 10:06:42 am,0.207,360.86,360.93
10/26/2019 10:06:42 am,0.20800000000000002,360.7,360.65
10/26/2019 10:06:42 am,0.209,361.02,360.9
10/26/2019 10:06:42 am,0.21,361.48,360.25
10/26/2019 10:06:42 am,0.21100000000000002,360.86,360.36
10/26/2019 10:06:42 am,0.212,361.05,360.01
10/26/2019 10:06:42 am,0.213,361.08,360.6
10/26/2019 10:06:42 am,0.214,361.05,359.9
10/26/2019 10:06:42 am,0.215,361.0,359.93
10/26/2019 10:06:42 am,0.21600000000000003,361.35,359.79
10/26/2019 10:06:42 am,0.217,361.21,359.6
10/26/2019 10:06:42 am,0.218,361.4,359.65
10/26/2019 10:06:42 am,0.21899999999999997,361.13,359.28
10/26/2019 10:06:42 am,0.22,360.78,359.85
10/26/2019 10:06:42 am,0.221,360.94,360.0
10/26/2019 10:06:42 am,0.222,360.97,359.17
10/26/2019 10:06:42 am,0.223,360.64,359.55
10/26/2019 10:06:42 am,0.22399999999999998,360.83,359.5
10/26/2019 10:06:42 am,0.225,360.64,359.09
10/26/2019 10:06:42 am,0.226,360.89,359.47
10/26/2019 10:06:42 am,0.22699999999999998,361.45,359.2
10/26/2019 10:06:42 am,0.228,360.53,359.17
10/26/2019 10:06:42 am,0.22899999999999998,360.64,359.01
10/26/2019 10:06:42 am,0.23,360.67,359.28
10/26/2019 10:06:42 am,0.231,360.48,359.07
10/26/2019 10:06:42 am,0.23199999999999998,360.54,358.85
10/26/2019 10:06:42 am,0.233,360.99,358.49
10/26/2019 10:06:42 am,0.23399999999999999,361.16,359.25
10/26/2019 10:06:42 am,0.235,360.59,358.55
10/26/2019 10:06:42 am,0.23600000000000002,360.86,358.82
10/26/2019 10:06:42 am,0.237,361.24,359.15
10/26/2019 10:06:42 am,0.23800000000000002,361.0,358.85
10/26/2019 10:06:42 am,0.239,360.78,358.82
10/26/2019 10:06:42 am,0.24,360.43,358.9
10/26/2019 10:06:42 am,0.24100000000000002,360.8,358.53
10/26/2019 10:06:42 am,0.242,360.83,358.64
10/26/2019 10:06:42 am,0.243,360.48,358.72
10/26/2019 10:06:42 am,0.244,360.97,358.5
10/26/2019 10:06:42 am,0.245,360.91,358.69
10/26/2019 10:06:42 am,0.24600000000000002,360.78,358.74
10/26/2019 10:06:42 am,0.247,360.97,358.83
10/26/2019 10:06:42 am,0.248,361.21,358.2
10/26/2019 10:06:42 am,0.249,361.13,358.88
10/26/2019 10:06:42 am,0.25,361.29,358.74
10/26/2019 10:06:42 am,0.251,361.1,358.26
10/26/2019 10:06:42 am,0.252,361.02,358.85
10/26/2019 10:06:42 am,0.253,361.21,358.69
10/26/2019 10:06:42 am,0.254,361.43,358.91
10/26/2019 10:06:42 am,0.255,361.48,359.12
10/26/2019 10:06:42 am,0.256,361.13,358.42
10/26/2019 10:06:42 am,0.257,361.4,358.85
10/26/2019 10:06:42 am,0.258,361.56,359.04
10/26/2019 10:06:42 am,0.259,361.45,358.85
10/26/2019 10:06:42 am,0.26,361.8,359.01
10/26/2019 10:06:42 am,0.261,361.88,359.23
10/26/2019 10:06:42 am,0.262,362.1,359.07
10/26/2019 10:06:42 am,0.263,362.13,358.93
10/26/2019 10:06:42 am,0.264,362.24,358.98
10/26/2019 10:06:42 am,0.265,361.67,358.9
10/26/2019 10:06:42 am,0.266,362.37,359.09
10/26/2019 10:06:42 am,0.267,362.35,359.15
10/26/2019 10:06:42 am,0.268,362.29,359.55
10/26/2019 10:06:42 am,0.26899999999999996,362.59,359.15
10/26/2019 10:06:42 am,0.27,362.97,358.85
10/26/2019 10:06:42 am,0.271,363.1,359.06
10/26/2019 10:06:42 am,0.272,363.21,359.09
10/26/2019 10:06:42 am,0.273,363.02,358.99
10/26/2019 10:06:42 am,0.27399999999999997,363.37,359.12
10/26/2019 10:06:42 am,0.275,363.1,359.2
10/26/2019 10:06:42 am,0.276,363.1,358.99
10/26/2019 10:06:42 am,0.27699999999999997,363.56,359.01
10/26/2019 10:06:42 am,0.278,363.88,359.45
10/26/2019 10:06:42 am,0.27899999999999997,363.91,359.42
10/26/2019 10:06:42 am,0.28,364.1,359.26
10/26/2019 10:06:42 am,0.281,364.21,359.18
10/26/2019 10:06:42 am,0.282,364.29,359.42
10/26/2019 10:06:42 am,0.28300000000000003,364.13,359.2
10/26/2019 10:06:42 am,0.284,364.56,359.45
10/26/2019 10:06:42 am,0.285,364.5,359.5
10/26/2019 10:06:42 am,0.28600000000000003,364.88,359.37
10/26/2019 10:06:42 am,0.287,365.4,359.07
10/26/2019 10:06:42 am,0.28800000000000003,365.48,359.48
10/26/2019 10:06:42 am,0.289,365.8,359.1
10/26/2019 10:06:42 am,0.29,365.64,359.58
10/26/2019 10:06:42 am,0.29100000000000004,366.18,358.96
10/26/2019 10:06:42 am,0.292,366.31,359.15
10/26/2019 10:06:42 am,0.293,366.23,359.15
10/26/2019 10:06:42 am,0.294,366.42,359.13
10/26/2019 10:06:42 am,0.295,366.93,358.97
10/26/2019 10:06:42 am,0.29600000000000004,367.28,358.53
10/26/2019 10:06:42 am,0.297,367.23,358.78
10/26/2019 10:06:42 am,0.298,367.47,358.53
10/26/2019 10:06:42 am,0.299,367.69,359.04
10/26/2019 10:06:42 am,0.3,367.63,358.56
10/26/2019 10:06:42 am,0.301,367.61,357.88
10/26/2019 10:06:42 am,0.302,368.31,358.62
10/26/2019 10:06:42 am,0.303,368.53,357.91
10/26/2019 10:06:42 am,0.304,368.85,358.24
10/26/2019 10:06:42 am,0.305,368.82,357.91
10/26/2019 10:06:42 am,0.306,368.42,358.32
10/26/2019 10:06:42 am,0.307,368.88,357.89
10/26/2019 10:06:42 am,0.308,368.96,357.83
10/26/2019 10:06:42 am,0.309,369.01,357.72
10/26/2019 10:06:42 am,0.31,368.93,357.27
10/26/2019 10:06:42 am,0.311,369.12,356.89
10/26/2019 10:06:42 am,0.312,369.44,356.91
10/26/2019 10:06:42 am,0.313,369.55,356.83
10/26/2019 10:06:42 am,0.314,369.44,357.08
10/26/2019 10:06:42 am,0.315,369.52,356.22
10/26/2019 10:06:42 am,0.316,369.6,356.18
10/26/2019 10:06:42 am,0.317,369.58,356.16
10/26/2019 10:06:42 am,0.318,369.84,355.78
10/26/2019 10:06:42 am,0.319,369.85,355.51
10/26/2019 10:06:42 am,0.32,370.03,355.1
10/26/2019 10:06:42 am,0.321,369.82,355.32
10/26/2019 10:06:42 am,0.322,370.2,355.0
10/26/2019 10:06:42 am,0.32299999999999995,370.46,354.79
10/26/2019 10:06:42 am,0.324,369.57,354.35
10/26/2019 10:06:42 am,0.325,370.28,354.68
10/26/2019 10:06:42 am,0.326,369.92,353.92
10/26/2019 10:06:42 am,0.327,370.06,353.57
10/26/2019 10:06:42 am,0.32799999999999996,370.0,353.54
10/26/2019 10:06:42 am,0.32899999999999996,370.35,353.51
10/26/2019 10:06:42 am,0.33,369.87,352.7
10/26/2019 10:06:42 am,0.331,370.06,352.62
10/26/2019 10:06:42 am,0.332,369.38,352.57
10/26/2019 10:06:42 am,0.33299999999999996,370.3,352.11
10/26/2019 10:06:42 am,0.33399999999999996,370.03,352.03
10/26/2019 10:06:42 am,0.335,369.95,351.67
10/26/2019 10:06:42 am,0.336,370.08,351.89
10/26/2019 10:06:42 am,0.337,370.16,351.59
10/26/2019 10:06:42 am,0.33799999999999997,370.08,351.25
10/26/2019 10:06:42 am,0.33899999999999997,370.3,350.79
10/26/2019 10:06:42 am,0.34,369.81,350.74
10/26/2019 10:06:42 am,0.341,369.92,350.35
10/26/2019 10:06:42 am,0.342,369.81,350.33
10/26/2019 10:06:42 am,0.34299999999999997,369.78,350.27
10/26/2019 10:06:42 am,0.344,369.65,349.9
10/26/2019 10:06:42 am,0.345,369.97,349.54
10/26/2019 10:06:42 am,0.34600000000000003,369.7,349.79
10/26/2019 10:06:42 am,0.34700000000000003,369.89,349.32
10/26/2019 10:06:42 am,0.348,369.68,348.82
10/26/2019 10:06:42 am,0.349,369.76,349.25
10/26/2019 10:06:42 am,0.35,369.57,348.9
10/26/2019 10:06:42 am,0.35100000000000003,369.73,348.25
10/26/2019 10:06:42 am,0.35200000000000004,369.78,348.22
10/26/2019 10:06:42 am,0.353,369.92,348.05
10/26/2019 10:06:42 am,0.354,369.7,347.6
10/26/2019 10:06:42 am,0.355,369.81,347.5
10/26/2019 10:06:42 am,0.35600000000000004,369.51,347.2
10/26/2019 10:06:42 am,0.35700000000000004,369.95,347.55
10/26/2019 10:06:42 am,0.358,369.84,347.66
10/26/2019 10:06:42 am,0.359,370.51,347.31
10/26/2019 10:06:42 am,0.36,369.84,347.11
10/26/2019 10:06:42 am,0.361,369.75,346.93
10/26/2019 10:06:42 am,0.36200000000000004,369.57,346.82
10/26/2019 10:06:42 am,0.363,370.35,346.44
10/26/2019 10:06:42 am,0.364,370.19,346.6
10/26/2019 10:06:42 am,0.365,370.35,345.85
10/26/2019 10:06:42 am,0.366,370.56,346.34
10/26/2019 10:06:42 am,0.36700000000000005,369.87,346.2
10/26/2019 10:06:42 am,0.368,370.16,346.23
10/26/2019 10:06:42 am,0.369,370.84,346.12
10/26/2019 10:06:42 am,0.37,371.13,346.14
10/26/2019 10:06:42 am,0.371,371.03,345.93
10/26/2019 10:06:42 am,0.37200000000000005,370.62,345.93
10/26/2019 10:06:42 am,0.373,370.7,345.68
10/26/2019 10:06:42 am,0.374,370.76,345.72
10/26/2019 10:06:42 am,0.375,371.38,345.64
10/26/2019 10:06:42 am,0.376,370.86,345.29
10/26/2019 10:06:42 am,0.377,371.62,345.21
10/26/2019 10:06:42 am,0.37799999999999995,371.65,345.45
10/26/2019 10:06:42 am,0.379,371.48,345.18
10/26/2019 10:06:42 am,0.38,371.67,344.96
10/26/2019 10:06:42 am,0.381,371.94,344.96
10/26/2019 10:06:42 am,0.382,372.08,345.21
10/26/2019 10:06:42 am,0.38299999999999995,372.4,344.99
10/26/2019 10:06:42 am,0.384,372.51,344.94
10/26/2019 10:06:42 am,0.385,372.46,345.1
10/26/2019 10:06:42 am,0.386,372.54,345.15
10/26/2019 10:06:42 am,0.387,373.35,344.88
10/26/2019 10:06:42 am,0.38799999999999996,373.38,345.26
10/26/2019 10:06:42 am,0.389,373.59,345.18
10/26/2019 10:06:42 am,0.39,373.51,344.91
10/26/2019 10:06:42 am,0.391,373.81,344.72
10/26/2019 10:06:42 am,0.392,374.13,345.08
10/26/2019 10:06:42 am,0.39299999999999996,374.4,344.75
10/26/2019 10:06:42 am,0.39399999999999996,374.62,344.96
10/26/2019 10:06:42 am,0.395,374.78,344.56
10/26/2019 10:06:42 am,0.396,375.59,344.02
10/26/2019 10:06:42 am,0.397,375.27,344.81
10/26/2019 10:06:42 am,0.39799999999999996,375.91,344.22
10/26/2019 10:06:42 am,0.39899999999999997,375.81,344.51
10/26/2019 10:06:42 am,0.4,376.32,344.68
10/26/2019 10:06:42 am,0.401,376.37,344.51
10/26/2019 10:06:42 am,0.402,376.21,344.19
10/26/2019 10:06:42 am,0.40299999999999997,376.75,344.19
10/26/2019 10:06:42 am,0.40399999999999997,376.73,344.0
10/26/2019 10:06:42 am,0.405,377.05,343.78
10/26/2019 10:06:42 am,0.406,377.13,344.03
10/26/2019 10:06:42 am,0.40700000000000003,377.32,344.11
10/26/2019 10:06:42 am,0.408,377.64,344.14
10/26/2019 10:06:42 am,0.409,377.75,343.54
10/26/2019 10:06:42 am,0.41,378.21,343.43
10/26/2019 10:06:42 am,0.41100000000000003,378.32,343.28
10/26/2019 10:06:42 am,0.41200000000000003,378.75,343.74
10/26/2019 10:06:42 am,0.413,378.4,343.6
10/26/2019 10:06:42 am,0.414,378.67,343.19
10/26/2019 10:06:42 am,0.415,378.86,343.25
10/26/2019 10:06:42 am,0.41600000000000004,379.13,342.82
10/26/2019 10:06:42 am,0.41700000000000004,378.86,343.04
10/26/2019 10:06:42 am,0.418,378.48,343.03
10/26/2019 10:06:42 am,0.419,379.13,342.5
10/26/2019 10:06:42 am,0.42,379.18,342.85
10/26/2019 10:06:42 am,0.42100000000000004,379.26,342.5
10/26/2019 10:06:42 am,0.42200000000000004,379.07,342.14
10/26/2019 10:06:42 am,0.423,378.72,341.9
10/26/2019 10:06:42 am,0.424,379.1,342.04
10/26/2019 10:06:42 am,0.425,379.42,341.95
10/26/2019 10:06:42 am,0.426,379.34,342.17
10/26/2019 10:06:42 am,0.42700000000000005,379.23,342.12
10/26/2019 10:06:42 am,0.428,379.28,341.55
10/26/2019 10:06:42 am,0.429,379.42,341.5
10/26/2019 10:06:42 am,0.43,378.82,341.23
10/26/2019 10:06:42 am,0.431,379.31,341.26
10/26/2019 10:06:42 am,0.43200000000000005,379.39,341.5
10/26/2019 10:06:42 am,0.433,379.34,341.37
10/26/2019 10:06:42 am,0.434,379.1,340.98
10/26/2019 10:06:42 am,0.435,379.34,341.15
10/26/2019 10:06:42 am,0.436,379.25,341.26
10/26/2019 10:06:42 am,0.43700000000000006,378.99,340.98
10/26/2019 10:06:42 am,0.43799999999999994,379.61,341.04
10/26/2019 10:06:42 am,0.439,378.96,341.07
10/26/2019 10:06:42 am,0.44,379.04,341.12
10/26/2019 10:06:42 am,0.441,379.28,340.85
10/26/2019 10:06:42 am,0.442,379.47,341.13
10/26/2019 10:06:42 am,0.44299999999999995,379.12,340.96
10/26/2019 10:06:42 am,0.444,379.12,340.64
10/26/2019 10:06:42 am,0.445,379.34,340.66
10/26/2019 10:06:42 am,0.446,379.66,340.55
10/26/2019 10:06:42 am,0.447,378.85,340.36
10/26/2019 10:06:42 am,0.44799999999999995,379.23,340.53
10/26/2019 10:06:42 am,0.449,379.28,340.78
10/26/2019 10:06:42 am,0.45,379.23,340.36
10/26/2019 10:06:42 am,0.451,379.09,340.8
10/26/2019 10:06:42 am,0.452,379.74,340.53
10/26/2019 10:06:42 am,0.45299999999999996,379.25,340.34
10/26/2019 10:06:42 am,0.45399999999999996,379.42,340.64
10/26/2019 10:06:42 am,0.455,379.09,340.37
10/26/2019 10:06:42 am,0.456,379.79,340.29
10/26/2019 10:06:42 am,0.457,379.23,340.02
10/26/2019 10:06:42 am,0.45799999999999996,379.47,340.53
10/26/2019 10:06:42 am,0.45899999999999996,379.2,339.88
10/26/2019 10:06:42 am,0.46,379.66,340.02
10/26/2019 10:06:42 am,0.461,379.63,339.67
10/26/2019 10:06:42 am,0.462,379.74,340.07
10/26/2019 10:06:42 am,0.46299999999999997,379.82,340.19
10/26/2019 10:06:42 am,0.46399999999999997,379.63,339.7
10/26/2019 10:06:42 am,0.465,379.93,339.86
10/26/2019 10:06:42 am,0.466,379.44,339.78
10/26/2019 10:06:42 am,0.467,379.74,339.94
10/26/2019 10:06:42 am,0.46799999999999997,379.93,339.73
10/26/2019 10:06:42 am,0.469,380.17,340.59
10/26/2019 10:06:42 am,0.47,380.28,340.27
10/26/2019 10:06:42 am,0.47100000000000003,379.98,340.24
10/26/2019 10:06:42 am,0.47200000000000003,380.6,340.24
10/26/2019 10:06:42 am,0.473,380.66,340.49
10/26/2019 10:06:42 am,0.474,380.66,340.35
10/26/2019 10:06:42 am,0.475,381.14,340.43
10/26/2019 10:06:42 am,0.47600000000000003,381.33,340.52
10/26/2019 10:06:42 am,0.47700000000000004,381.06,340.35
10/26/2019 10:06:42 am,0.478,380.95,339.97
10/26/2019 10:06:42 am,0.479,381.36,340.19
10/26/2019 10:06:42 am,0.48,381.95,340.17
10/26/2019 10:06:42 am,0.48100000000000004,381.71,340.49
10/26/2019 10:06:42 am,0.48200000000000004,381.63,340.22
10/26/2019 10:06:42 am,0.483,381.82,340.71
10/26/2019 10:06:42 am,0.484,381.65,340.3
10/26/2019 10:06:42 am,0.485,382.19,340.84
10/26/2019 10:06:42 am,0.486,382.6,341.06
10/26/2019 10:06:42 am,0.48700000000000004,382.44,341.31
10/26/2019 10:06:42 am,0.488,382.92,340.63
10/26/2019 10:06:42 am,0.489,382.98,340.93
10/26/2019 10:06:42 am,0.49,383.43,340.79
10/26/2019 10:06:42 am,0.491,383.38,340.69
10/26/2019 10:06:42 am,0.49200000000000005,383.4,340.9
10/26/2019 10:06:42 am,0.493,383.73,340.66
10/26/2019 10:06:42 am,0.494,384.08,340.9
10/26/2019 10:06:42 am,0.495,384.38,341.15
10/26/2019 10:06:42 am,0.496,383.92,341.09
10/26/2019 10:06:42 am,0.49700000000000005,384.51,341.04
10/26/2019 10:06:42 am,0.498,384.48,341.02
10/26/2019 10:06:42 am,0.499,384.86,340.99
10/26/2019 10:06:42 am,0.5,385.35,340.82
10/26/2019 10:06:42 am,0.501,385.0,341.48
10/26/2019 10:06:42 am,0.502,385.21,341.26
10/26/2019 10:06:42 am,0.503,385.59,340.92
10/26/2019 10:06:42 am,0.504,385.86,341.14
10/26/2019 10:06:42 am,0.505,385.56,341.26
10/26/2019 10:06:42 am,0.506,385.94,341.54
10/26/2019 10:06:42 am,0.507,386.13,341.89
10/26/2019 10:06:42 am,0.508,386.13,341.24
10/26/2019 10:06:42 am,0.509,386.78,341.54
10/26/2019 10:06:42 am,0.51,386.23,341.05
10/26/2019 10:06:42 am,0.511,386.91,340.92
10/26/2019 10:06:42 am,0.512,386.88,341.21
10/26/2019 10:06:42 am,0.513,386.93,340.89
10/26/2019 10:06:42 am,0.514,387.23,340.87
10/26/2019 10:06:42 am,0.515,387.26,340.73
10/26/2019 10:06:42 am,0.516,387.55,340.93
10/26/2019 10:06:42 am,0.517,387.58,340.93
10/26/2019 10:06:42 am,0.518,387.77,340.36
10/26/2019 10:06:42 am,0.519,387.44,340.66
10/26/2019 10:06:42 am,0.52,387.71,340.6
10/26/2019 10:06:42 am,0.521,387.6,340.23
10/26/2019 10:06:42 am,0.522,387.65,340.77
10/26/2019 10:06:42 am,0.523,387.47,340.28
10/26/2019 10:06:42 am,0.524,387.65,340.26
10/26/2019 10:06:42 am,0.525,387.87,340.06
10/26/2019 10:06:42 am,0.526,388.14,340.1
10/26/2019 10:06:42 am,0.527,387.71,339.66
10/26/2019 10:06:42 am,0.528,387.98,339.91
10/26/2019 10:06:42 am,0.529,387.92,339.51
10/26/2019 10:06:42 am,0.53,387.68,339.13
10/26/2019 10:06:42 am,0.531,388.13,339.34
10/26/2019 10:06:42 am,0.532,388.08,339.37
10/26/2019 10:06:42 am,0.5329999999999999,387.92,338.62
10/26/2019 10:06:42 am,0.534,387.81,338.73
10/26/2019 10:06:42 am,0.535,387.62,338.62
10/26/2019 10:06:42 am,0.536,387.43,338.46
10/26/2019 10:06:42 am,0.537,387.78,338.21
10/26/2019 10:06:42 am,0.5379999999999999,388.05,338.19
10/26/2019 10:06:42 am,0.539,388.02,338.13
10/26/2019 10:06:42 am,0.54,388.07,337.65
10/26/2019 10:06:42 am,0.541,387.51,337.52
10/26/2019 10:06:42 am,0.542,387.24,337.6
10/26/2019 10:06:42 am,0.5429999999999999,387.45,337.25
10/26/2019 10:06:42 am,0.544,387.64,337.14
10/26/2019 10:06:42 am,0.545,386.91,336.84
10/26/2019 10:06:42 am,0.546,387.5,336.95
10/26/2019 10:06:42 am,0.547,387.34,336.49
10/26/2019 10:06:42 am,0.5479999999999999,387.04,336.69
10/26/2019 10:06:42 am,0.5489999999999999,387.61,336.1
10/26/2019 10:06:42 am,0.55,386.88,336.14
10/26/2019 10:06:42 am,0.551,386.71,335.82
10/26/2019 10:06:42 am,0.552,386.66,336.34
10/26/2019 10:06:42 am,0.5529999999999999,387.22,335.5
10/26/2019 10:06:42 am,0.5539999999999999,387.25,335.18
10/26/2019 10:06:42 am,0.555,386.84,335.39
10/26/2019 10:06:42 am,0.556,386.93,335.07
10/26/2019 10:06:42 am,0.557,386.82,335.37
10/26/2019 10:06:42 am,0.5579999999999999,386.44,335.12
10/26/2019 10:06:42 am,0.5589999999999999,386.65,334.58
10/26/2019 10:06:42 am,0.56,386.52,334.64
10/26/2019 10:06:42 am,0.561,386.68,334.94
10/26/2019 10:06:42 am,0.562,386.41,334.72
10/26/2019 10:06:42 am,0.563,386.43,334.56
10/26/2019 10:06:42 am,0.564,386.62,333.92
10/26/2019 10:06:42 am,0.565,386.62,334.35
10/26/2019 10:06:42 am,0.5660000000000001,387.0,334.03
10/26/2019 10:06:42 am,0.5670000000000001,386.51,334.24
10/26/2019 10:06:42 am,0.568,386.24,333.44
10/26/2019 10:06:42 am,0.569,385.92,333.46
10/26/2019 10:06:42 am,0.57,385.86,332.84
10/26/2019 10:06:42 am,0.5710000000000001,386.08,333.87
10/26/2019 10:06:42 am,0.5720000000000001,386.46,333.52
10/26/2019 10:06:42 am,0.573,386.27,333.3
10/26/2019 10:06:42 am,0.574,386.05,333.36
10/26/2019 10:06:42 am,0.575,386.02,332.87
10/26/2019 10:06:42 am,0.5760000000000001,385.64,332.79
10/26/2019 10:06:42 am,0.5770000000000001,385.96,333.2
10/26/2019 10:06:42 am,0.578,385.48,332.71
10/26/2019 10:06:42 am,0.579,385.69,332.58
10/26/2019 10:06:42 am,0.58,385.51,332.9
10/26/2019 10:06:42 am,0.581,385.37,332.9
10/26/2019 10:06:42 am,0.5820000000000001,385.72,332.69
10/26/2019 10:06:42 am,0.583,385.31,332.64
10/26/2019 10:06:42 am,0.584,384.67,332.1
10/26/2019 10:06:42 am,0.585,384.56,331.09
10/26/2019 10:06:42 am,0.586,384.1,331.47
10/26/2019 10:06:42 am,0.5870000000000001,384.12,332.1
10/26/2019 10:06:42 am,0.588,384.47,332.4
10/26/2019 10:06:42 am,0.589,384.53,332.13
10/26/2019 10:06:42 am,0.59,384.74,331.97
10/26/2019 10:06:42 am,0.591,384.42,331.48
10/26/2019 10:06:42 am,0.5920000000000001,383.74,331.45
10/26/2019 10:06:42 am,0.593,383.58,331.86
10/26/2019 10:06:42 am,0.594,383.82,332.29
10/26/2019 10:06:42 am,0.595,384.34,331.86
10/26/2019 10:06:42 am,0.596,383.77,330.92
10/26/2019 10:06:42 am,0.597,383.17,330.92
10/26/2019 10:06:42 am,0.598,383.04,331.32
10/26/2019 10:06:42 am,0.599,383.09,331.38
10/26/2019 10:06:42 am,0.6,382.74,329.73
10/26/2019 10:06:42 am,0.601,382.14,329.27
10/26/2019 10:06:42 am,0.602,381.42,331.14
10/26/2019 10:06:42 am,0.603,381.55,332.81
10/26/2019 10:06:42 am,0.604,382.85,333.38
10/26/2019 10:06:42 am,0.605,384.12,332.12
10/26/2019 10:06:42 am,0.606,383.68,330.55
10/26/2019 10:06:42 am,0.607,382.55,330.41
10/26/2019 10:06:42 am,0.608,382.25,330.9
10/26/2019 10:06:42 am,0.609,381.82,331.25
10/26/2019 10:06:42 am,0.61,381.93,330.98
10/26/2019 10:06:42 am,0.611,382.25,331.63
10/26/2019 10:06:42 am,0.612,382.3,331.17
10/26/2019 10:06:42 am,0.613,380.63,329.63
10/26/2019 10:06:42 am,0.614,379.87,328.25
10/26/2019 10:06:42 am,0.615,379.22,328.88
10/26/2019 10:06:42 am,0.616,380.2,330.23
10/26/2019 10:06:42 am,0.617,381.17,331.56
10/26/2019 10:06:42 am,0.618,381.36,331.72
10/26/2019 10:06:42 am,0.619,381.95,331.16
10/26/2019 10:06:42 am,0.62,380.65,329.32
10/26/2019 10:06:42 am,0.621,379.41,328.97
10/26/2019 10:06:42 am,0.622,379.28,330.64
10/26/2019 10:06:42 am,0.623,379.98,331.62
10/26/2019 10:06:42 am,0.624,380.25,330.7
10/26/2019 10:06:42 am,0.625,380.33,329.92
10/26/2019 10:06:42 am,0.626,379.63,329.94
10/26/2019 10:06:42 am,0.627,378.76,330.43
10/26/2019 10:06:42 am,0.628,379.08,329.92
10/26/2019 10:06:42 am,0.629,379.54,329.32
10/26/2019 10:06:42 am,0.63,379.11,329.3
10/26/2019 10:06:42 am,0.631,379.49,330.67
10/26/2019 10:06:42 am,0.632,379.49,331.06
10/26/2019 10:06:42 am,0.633,379.68,331.11
10/26/2019 10:06:42 am,0.634,380.05,330.05
10/26/2019 10:06:42 am,0.635,380.05,330.16
10/26/2019 10:06:42 am,0.636,380.03,331.41
10/26/2019 10:06:42 am,0.637,379.62,331.86
10/26/2019 10:06:42 am,0.638,379.73,332.0
10/26/2019 10:06:42 am,0.639,380.3,331.49
10/26/2019 10:06:42 am,0.64,380.78,331.43
10/26/2019 10:06:42 am,0.6409999999999999,380.48,331.44
10/26/2019 10:06:42 am,0.642,380.32,331.38
10/26/2019 10:06:42 am,0.643,380.3,331.71
10/26/2019 10:06:42 am,0.644,380.89,332.22
10/26/2019 10:06:42 am,0.645,380.75,332.46
10/26/2019 10:06:42 am,0.6459999999999999,380.92,332.3
10/26/2019 10:06:42 am,0.647,380.56,332.41
10/26/2019 10:06:42 am,0.648,380.86,332.47
10/26/2019 10:06:42 am,0.649,380.89,332.39
10/26/2019 10:06:42 am,0.65,380.65,332.95
10/26/2019 10:06:42 am,0.6509999999999999,381.32,332.98
10/26/2019 10:06:42 am,0.652,381.81,333.68
10/26/2019 10:06:42 am,0.653,381.67,334.01
10/26/2019 10:06:42 am,0.654,381.94,334.25
10/26/2019 10:06:42 am,0.655,381.46,334.06
10/26/2019 10:06:42 am,0.6559999999999999,382.02,334.44
10/26/2019 10:06:42 am,0.657,382.59,334.95
10/26/2019 10:06:42 am,0.6579999999999999,382.99,335.27
10/26/2019 10:06:42 am,0.659,382.94,335.14
10/26/2019 10:06:42 am,0.66,383.56,336.39
10/26/2019 10:06:42 am,0.6609999999999999,383.75,336.25
10/26/2019 10:06:42 am,0.662,383.81,336.14
10/26/2019 10:06:42 am,0.6629999999999999,384.02,336.58
10/26/2019 10:06:42 am,0.664,384.32,336.85
10/26/2019 10:06:42 am,0.665,384.21,336.71
10/26/2019 10:06:42 am,0.6659999999999999,383.99,337.25
10/26/2019 10:06:42 am,0.667,384.56,337.28
10/26/2019 10:06:42 am,0.6679999999999999,384.4,337.01
10/26/2019 10:06:42 am,0.669,384.64,337.47
10/26/2019 10:06:42 am,0.67,384.67,337.5
10/26/2019 10:06:42 am,0.6709999999999999,384.26,337.31
10/26/2019 10:06:42 am,0.672,384.21,337.42
10/26/2019 10:06:42 am,0.6729999999999999,384.96,337.52
10/26/2019 10:06:42 am,0.674,385.34,337.93
10/26/2019 10:06:42 am,0.675,384.96,338.23
10/26/2019 10:06:42 am,0.6759999999999999,385.61,338.31
10/26/2019 10:06:42 am,0.677,385.64,338.42
10/26/2019 10:06:42 am,0.6779999999999999,385.07,339.04
10/26/2019 10:06:42 am,0.679,385.31,338.96
10/26/2019 10:06:42 am,0.68,385.61,338.96
10/26/2019 10:06:42 am,0.6809999999999999,385.74,338.99
10/26/2019 10:06:42 am,0.682,385.93,339.47
10/26/2019 10:06:42 am,0.6829999999999999,386.01,339.26
10/26/2019 10:06:42 am,0.684,385.8,339.56
10/26/2019 10:06:42 am,0.685,385.71,339.5
10/26/2019 10:06:42 am,0.6859999999999999,385.66,339.7
10/26/2019 10:06:42 am,0.687,386.09,339.86
10/26/2019 10:06:42 am,0.688,386.28,339.48
10/26/2019 10:06:42 am,0.6890000000000001,385.61,339.4
10/26/2019 10:06:42 am,0.69,385.93,340.1
10/26/2019 10:06:42 am,0.691,385.52,340.02
10/26/2019 10:06:42 am,0.6920000000000001,386.14,339.57
10/26/2019 10:06:42 am,0.693,385.79,340.4
10/26/2019 10:06:42 am,0.6940000000000001,385.71,340.08
10/26/2019 10:06:42 am,0.695,385.2,340.05
10/26/2019 10:06:42 am,0.696,385.84,340.54
10/26/2019 10:06:42 am,0.6970000000000001,385.41,340.27
10/26/2019 10:06:42 am,0.698,385.33,340.3
10/26/2019 10:06:42 am,0.6990000000000001,385.49,340.33
10/26/2019 10:06:42 am,0.7,385.82,340.51
10/26/2019 10:06:42 am,0.701,384.87,340.44
10/26/2019 10:06:42 am,0.7020000000000001,385.11,340.49
10/26/2019 10:06:42 am,0.703,385.3,340.62
10/26/2019 10:06:42 am,0.7040000000000001,385.22,340.16
10/26/2019 10:06:42 am,0.705,385.14,340.49
10/26/2019 10:06:42 am,0.706,384.9,340.62
10/26/2019 10:06:42 am,0.7070000000000001,385.03,340.3
10/26/2019 10:06:42 am,0.708,384.92,340.73
10/26/2019 10:06:42 am,0.7090000000000001,384.9,340.79
10/26/2019 10:06:42 am,0.71,384.84,340.82
10/26/2019 10:06:42 am,0.711,384.38,340.68
10/26/2019 10:06:42 am,0.7120000000000001,383.92,341.11
10/26/2019 10:06:42 am,0.713,384.49,340.84
10/26/2019 10:06:42 am,0.7140000000000001,384.35,341.25
10/26/2019 10:06:42 am,0.715,384.32,341.33
10/26/2019 10:06:42 am,0.716,383.97,341.44
10/26/2019 10:06:42 am,0.7170000000000001,383.7,341.15
10/26/2019 10:06:42 am,0.718,383.6,341.09
10/26/2019 10:06:42 am,0.7190000000000001,383.68,341.34
10/26/2019 10:06:42 am,0.72,383.57,341.25
10/26/2019 10:06:42 am,0.721,382.86,341.58
10/26/2019 10:06:42 am,0.722,383.13,341.26
10/26/2019 10:06:42 am,0.723,383.11,340.77
10/26/2019 10:06:42 am,0.7240000000000001,383.27,341.23
10/26/2019 10:06:42 am,0.725,382.67,341.74
10/26/2019 10:06:42 am,0.726,382.7,341.47
10/26/2019 10:06:42 am,0.727,382.64,341.37
10/26/2019 10:06:42 am,0.728,382.35,341.7
10/26/2019 10:06:42 am,0.7290000000000001,382.08,341.29
10/26/2019 10:06:42 am,0.73,382.08,341.39
10/26/2019 10:06:42 am,0.731,381.97,341.78
10/26/2019 10:06:42 am,0.732,382.18,341.83
10/26/2019 10:06:42 am,0.733,381.64,341.59
10/26/2019 10:06:42 am,0.7340000000000001,381.88,342.11
10/26/2019 10:06:42 am,0.735,382.04,341.67
10/26/2019 10:06:42 am,0.736,382.05,341.91
10/26/2019 10:06:42 am,0.737,381.72,342.22
10/26/2019 10:06:42 am,0.738,381.37,341.73
10/26/2019 10:06:42 am,0.7390000000000001,381.45,341.95
10/26/2019 10:06:42 am,0.74,381.91,341.65
10/26/2019 10:06:42 am,0.741,381.18,341.78
10/26/2019 10:06:42 am,0.742,381.15,342.0
10/26/2019 10:06:42 am,0.743,381.26,341.87
10/26/2019 10:06:42 am,0.7440000000000001,380.91,342.06
10/26/2019 10:06:42 am,0.745,381.37,341.95
10/26/2019 10:06:42 am,0.746,380.93,341.98
10/26/2019 10:06:42 am,0.747,381.66,342.14
10/26/2019 10:06:42 am,0.748,381.74,342.11
10/26/2019 10:06:42 am,0.7490000000000001,380.85,342.06
10/26/2019 10:06:42 am,0.75,381.69,342.44
10/26/2019 10:06:42 am,0.7509999999999999,381.98,342.15
10/26/2019 10:06:42 am,0.752,381.98,342.76
10/26/2019 10:06:42 am,0.753,381.77,342.61
10/26/2019 10:06:42 am,0.754,382.09,342.79
10/26/2019 10:06:42 am,0.755,381.98,342.93
10/26/2019 10:06:42 am,0.7559999999999999,382.01,342.71
10/26/2019 10:06:42 am,0.757,382.41,342.96
10/26/2019 10:06:42 am,0.758,382.28,342.61
10/26/2019 10:06:42 am,0.759,382.31,342.88
10/26/2019 10:06:42 am,0.76,382.79,342.96
10/26/2019 10:06:42 am,0.7609999999999999,382.98,343.26
10/26/2019 10:06:42 am,0.762,383.3,343.12
10/26/2019 10:06:42 am,0.763,382.71,343.34
10/26/2019 10:06:42 am,0.764,383.38,343.26
10/26/2019 10:06:42 am,0.765,383.87,343.4
10/26/2019 10:06:42 am,0.7659999999999999,383.68,343.31
10/26/2019 10:06:42 am,0.767,383.57,343.12
10/26/2019 10:06:42 am,0.768,383.89,343.59
10/26/2019 10:06:42 am,0.769,383.95,343.21
10/26/2019 10:06:42 am,0.77,383.46,342.54
10/26/2019 10:06:42 am,0.7709999999999999,384.08,342.51
10/26/2019 10:06:42 am,0.772,384.62,342.73
10/26/2019 10:06:42 am,0.773,384.65,343.13
10/26/2019 10:06:42 am,0.774,384.51,342.75
10/26/2019 10:06:42 am,0.775,384.43,342.67
10/26/2019 10:06:42 am,0.7759999999999999,384.46,342.59
10/26/2019 10:06:42 am,0.777,384.97,342.27
10/26/2019 10:06:42 am,0.778,384.56,341.92
10/26/2019 10:06:42 am,0.779,384.78,342.19
10/26/2019 10:06:42 am,0.78,384.75,341.76
10/26/2019 10:06:42 am,0.7809999999999999,384.48,341.89
10/26/2019 10:06:42 am,0.782,384.72,341.65
10/26/2019 10:06:42 am,0.7829999999999999,384.37,341.46
10/26/2019 10:06:42 am,0.784,384.18,341.46
10/26/2019 10:06:42 am,0.785,383.96,341.51
10/26/2019 10:06:42 am,0.7859999999999999,383.93,340.92
10/26/2019 10:06:42 am,0.787,384.18,340.49
10/26/2019 10:06:42 am,0.7879999999999999,383.69,340.57
10/26/2019 10:06:42 am,0.789,383.88,340.76
10/26/2019 10:06:42 am,0.79,383.01,340.38
10/26/2019 10:06:42 am,0.7909999999999999,383.06,339.81
10/26/2019 10:06:42 am,0.792,383.52,339.74
10/26/2019 10:06:42 am,0.7929999999999999,382.76,339.87
10/26/2019 10:06:42 am,0.794,382.82,339.3
10/26/2019 10:06:42 am,0.795,382.41,339.42
10/26/2019 10:06:42 am,0.7959999999999999,381.82,339.36
10/26/2019 10:06:42 am,0.797,382.06,339.26
10/26/2019 10:06:42 am,0.7979999999999999,381.49,339.09
10/26/2019 10:06:42 am,0.799,381.16,338.88
10/26/2019 10:06:42 am,0.8,381.24,337.96
10/26/2019 10:06:42 am,0.8009999999999999,380.73,338.28
10/26/2019 10:06:42 am,0.802,380.46,338.45
10/26/2019 10:06:42 am,0.8029999999999999,380.65,337.8
10/26/2019 10:06:42 am,0.804,380.08,338.09
10/26/2019 10:06:42 am,0.805,380.05,338.45
10/26/2019 10:06:42 am,0.8059999999999999,379.32,338.18
10/26/2019 10:06:42 am,0.807,379.59,337.66
10/26/2019 10:06:42 am,0.8079999999999999,379.62,337.77
10/26/2019 10:06:42 am,0.809,379.35,338.12
10/26/2019 10:06:42 am,0.81,378.83,337.45
10/26/2019 10:06:42 am,0.8109999999999999,378.97,337.56
10/26/2019 10:06:42 am,0.812,378.24,338.1
10/26/2019 10:06:42 am,0.813,378.34,337.45
10/26/2019 10:06:42 am,0.8140000000000001,378.07,337.45
10/26/2019 10:06:42 am,0.815,377.83,337.16
10/26/2019 10:06:42 am,0.816,377.64,337.89
10/26/2019 10:06:42 am,0.8170000000000001,377.5,337.59
10/26/2019 10:06:42 am,0.818,377.83,337.4
10/26/2019 10:06:42 am,0.8190000000000001,377.26,337.57
10/26/2019 10:06:42 am,0.82,377.37,337.62
10/26/2019 10:06:42 am,0.821,376.8,338.11
10/26/2019 10:06:42 am,0.8220000000000001,376.47,338.05
10/26/2019 10:06:42 am,0.823,376.61,338.19
10/26/2019 10:06:42 am,0.8240000000000001,376.72,337.27
10/26/2019 10:06:42 am,0.825,376.72,338.03
10/26/2019 10:06:42 am,0.826,376.01,337.14
10/26/2019 10:06:42 am,0.8270000000000001,375.85,337.87
10/26/2019 10:06:42 am,0.828,375.71,337.74
10/26/2019 10:06:42 am,0.8290000000000001,376.15,337.6
10/26/2019 10:06:42 am,0.83,375.34,337.98
10/26/2019 10:06:42 am,0.831,375.63,337.6
10/26/2019 10:06:42 am,0.8320000000000001,375.34,337.87
10/26/2019 10:06:42 am,0.833,375.79,337.66
10/26/2019 10:06:42 am,0.8340000000000001,375.82,337.65
10/26/2019 10:06:42 am,0.835,375.06,337.74
10/26/2019 10:06:42 am,0.836,375.14,337.9
10/26/2019 10:06:42 am,0.8370000000000001,375.49,337.9
10/26/2019 10:06:42 am,0.838,375.52,337.66
10/26/2019 10:06:42 am,0.8390000000000001,375.85,337.77
10/26/2019 10:06:42 am,0.84,375.33,337.98
10/26/2019 10:06:42 am,0.841,375.76,337.47
10/26/2019 10:06:42 am,0.8420000000000001,374.95,337.79
10/26/2019 10:06:42 am,0.843,375.52,337.71
10/26/2019 10:06:42 am,0.8440000000000001,375.57,337.37
10/26/2019 10:06:42 am,0.845,375.09,337.34
10/26/2019 10:06:42 am,0.846,375.19,337.96
10/26/2019 10:06:42 am,0.847,375.63,337.53
10/26/2019 10:06:42 am,0.848,375.19,337.47
10/26/2019 10:06:42 am,0.8490000000000001,375.46,337.8
10/26/2019 10:06:42 am,0.85,375.84,337.83
10/26/2019 10:06:42 am,0.851,375.81,337.58
10/26/2019 10:06:42 am,0.852,375.84,337.91
10/26/2019 10:06:42 am,0.853,375.52,337.48
10/26/2019 10:06:42 am,0.8540000000000001,375.6,337.75
10/26/2019 10:06:42 am,0.855,375.73,337.45
10/26/2019 10:06:42 am,0.856,375.62,337.58
10/26/2019 10:06:42 am,0.857,375.7,337.86
10/26/2019 10:06:42 am,0.858,375.92,337.89
10/26/2019 10:06:42 am,0.8590000000000001,376.11,336.91
10/26/2019 10:06:42 am,0.86,376.16,337.61
10/26/2019 10:06:42 am,0.861,376.6,337.81
10/26/2019 10:06:42 am,0.862,376.16,337.67
10/26/2019 10:06:42 am,0.863,376.65,337.62
10/26/2019 10:06:42 am,0.8640000000000001,376.62,337.8
10/26/2019 10:06:42 am,0.865,376.46,337.73
10/26/2019 10:06:42 am,0.866,377.22,337.34
10/26/2019 10:06:42 am,0.867,377.03,337.46
10/26/2019 10:06:42 am,0.868,377.05,337.21
10/26/2019 10:06:42 am,0.8690000000000001,377.13,337.1
10/26/2019 10:06:42 am,0.87,376.84,336.94
10/26/2019 10:06:42 am,0.871,376.84,337.13
10/26/2019 10:06:42 am,0.872,377.27,337.48
10/26/2019 10:06:42 am,0.873,377.48,337.4
10/26/2019 10:06:42 am,0.8740000000000001,377.32,337.0
10/26/2019 10:06:42 am,0.875,378.0,337.11
10/26/2019 10:06:42 am,0.8759999999999999,377.35,337.11
10/26/2019 10:06:42 am,0.877,377.59,336.72
10/26/2019 10:06:42 am,0.878,378.13,336.89
10/26/2019 10:06:42 am,0.879,378.21,336.62
10/26/2019 10:06:42 am,0.88,378.13,336.43
10/26/2019 10:06:42 am,0.8809999999999999,377.7,336.78
10/26/2019 10:06:42 am,0.882,378.05,336.75
10/26/2019 10:06:42 am,0.883,378.1,336.21
10/26/2019 10:06:42 am,0.884,378.67,336.21
10/26/2019 10:06:42 am,0.885,378.56,336.61
10/26/2019 10:06:42 am,0.8859999999999999,378.21,336.38
10/26/2019 10:06:42 am,0.887,378.29,336.38
10/26/2019 10:06:42 am,0.888,378.07,335.95
10/26/2019 10:06:42 am,0.889,378.35,335.84
10/26/2019 10:06:42 am,0.89,378.48,336.27
10/26/2019 10:06:42 am,0.8909999999999999,377.96,336.21
10/26/2019 10:06:42 am,0.892,378.42,336.13
10/26/2019 10:06:42 am,0.893,378.42,336.21
10/26/2019 10:06:42 am,0.894,378.53,336.27
10/26/2019 10:06:42 am,0.895,378.4,335.86
10/26/2019 10:06:42 am,0.8959999999999999,378.37,336.21
10/26/2019 10:06:42 am,0.897,378.04,335.99
10/26/2019 10:06:42 am,0.898,377.5,336.16
10/26/2019 10:06:42 am,0.899,377.58,336.1
10/26/2019 10:06:42 am,0.9,377.72,336.11
10/26/2019 10:06:42 am,0.9009999999999999,377.39,335.86
10/26/2019 10:06:42 am,0.902,377.66,336.16
10/26/2019 10:06:42 am,0.903,377.56,336.27
10/26/2019 10:06:42 am,0.904,377.42,336.49
10/26/2019 10:06:42 am,0.905,377.12,336.73
10/26/2019 10:06:42 am,0.9059999999999999,377.07,336.41
10/26/2019 10:06:42 am,0.907,376.88,336.52
10/26/2019 10:06:42 am,0.9079999999999999,376.77,336.52
10/26/2019 10:06:42 am,0.909,376.75,336.73
10/26/2019 10:06:42 am,0.91,376.39,337.14
10/26/2019 10:06:42 am,0.9109999999999999,375.96,336.49
10/26/2019 10:06:42 am,0.912,376.29,336.84
10/26/2019 10:06:42 am,0.9129999999999999,376.01,337.49
10/26/2019 10:06:42 am,0.914,376.04,337.38
10/26/2019 10:06:42 am,0.915,375.39,337.65
10/26/2019 10:06:42 am,0.9159999999999999,375.21,337.76
10/26/2019 10:06:42 am,0.917,375.02,337.38
10/26/2019 10:06:42 am,0.9179999999999999,374.93,338.09
10/26/2019 10:06:42 am,0.919,374.96,337.76
10/26/2019 10:06:42 am,0.92,374.61,338.2
10/26/2019 10:06:42 am,0.9209999999999999,374.34,338.92
10/26/2019 10:06:42 am,0.922,374.39,338.62
10/26/2019 10:06:42 am,0.9229999999999999,374.15,339.03
10/26/2019 10:06:42 am,0.924,373.99,339.14
10/26/2019 10:06:42 am,0.925,373.8,339.44
10/26/2019 10:06:42 am,0.9259999999999999,373.56,339.95
10/26/2019 10:06:42 am,0.927,373.26,339.93
10/26/2019 10:06:42 am,0.9279999999999999,372.8,340.11
10/26/2019 10:06:42 am,0.929,372.91,339.87
10/26/2019 10:06:42 am,0.93,372.69,340.25
10/26/2019 10:06:42 am,0.9309999999999999,372.69,340.63
10/26/2019 10:06:42 am,0.932,372.53,341.12
10/26/2019 10:06:42 am,0.9329999999999999,372.37,341.63
10/26/2019 10:06:42 am,0.934,372.23,341.93
10/26/2019 10:06:42 am,0.935,371.72,341.55
10/26/2019 10:06:42 am,0.9359999999999999,371.56,341.87
10/26/2019 10:06:42 am,0.937,371.56,341.9
10/26/2019 10:06:42 am,0.938,371.32,342.55
10/26/2019 10:06:42 am,0.9390000000000001,371.18,342.2
10/26/2019 10:06:42 am,0.94,371.02,343.22
10/26/2019 10:06:42 am,0.941,370.8,343.67
10/26/2019 10:06:42 am,0.9420000000000001,369.69,343.31
10/26/2019 10:06:42 am,0.943,370.32,343.76
10/26/2019 10:06:42 am,0.9440000000000001,370.07,344.63
10/26/2019 10:06:42 am,0.945,369.42,343.98
10/26/2019 10:06:42 am,0.946,369.26,344.82
10/26/2019 10:06:42 am,0.9470000000000001,368.83,345.25
10/26/2019 10:06:42 am,0.948,368.86,345.75
10/26/2019 10:06:42 am,0.9490000000000001,368.8,346.15
10/26/2019 10:06:42 am,0.95,368.26,346.57
10/26/2019 10:06:42 am,0.951,368.32,347.17
10/26/2019 10:06:42 am,0.9520000000000001,367.53,347.2
10/26/2019 10:06:42 am,0.953,367.32,347.79
10/26/2019 10:06:42 am,0.9540000000000001,367.16,348.06
10/26/2019 10:06:42 am,0.955,367.16,348.49
10/26/2019 10:06:42 am,0.956,366.35,349.17
10/26/2019 10:06:42 am,0.9570000000000001,366.18,349.79
10/26/2019 10:06:42 am,0.958,365.67,350.06
10/26/2019 10:06:42 am,0.9590000000000001,365.37,350.11
10/26/2019 10:06:42 am,0.96,364.59,350.7
10/26/2019 10:06:42 am,0.961,364.48,350.76
10/26/2019 10:06:42 am,0.9620000000000001,364.27,351.03
10/26/2019 10:06:42 am,0.963,364.24,351.95
10/26/2019 10:06:42 am,0.9640000000000001,363.46,352.68
10/26/2019 10:06:42 am,0.965,363.32,353.0
10/26/2019 10:06:42 am,0.966,362.57,352.71
10/26/2019 10:06:42 am,0.9670000000000001,361.95,353.46
10/26/2019 10:06:42 am,0.968,362.06,353.87
10/26/2019 10:06:42 am,0.9690000000000001,361.49,354.78
10/26/2019 10:06:42 am,0.97,361.06,355.03
10/26/2019 10:06:42 am,0.971,361.33,355.38
10/26/2019 10:06:42 am,0.972,360.14,356.33
10/26/2019 10:06:42 am,0.973,359.74,356.51
10/26/2019 10:06:42 am,0.9740000000000001,358.66,356.73
10/26/2019 10:06:42 am,0.975,358.66,357.05
10/26/2019 10:06:42 am,0.976,357.66,358.08
10/26/2019 10:06:42 am,0.977,356.93,358.67
10/26/2019 10:06:42 am,0.978,356.34,358.83
10/26/2019 10:06:42 am,0.9790000000000001,356.06,359.21
10/26/2019 10:06:42 am,0.98,355.36,359.91
10/26/2019 10:06:42 am,0.981,354.52,360.29
10/26/2019 10:06:42 am,0.982,354.61,361.07
10/26/2019 10:06:42 am,0.983,353.72,361.91
10/26/2019 10:06:42 am,0.9840000000000001,352.66,361.86
10/26/2019 10:06:42 am,0.985,351.96,362.29
10/26/2019 10:06:42 am,0.986,351.21,363.42
10/26/2019 10:06:42 am,0.987,350.56,364.01
10/26/2019 10:06:42 am,0.988,350.34,364.31
10/26/2019 10:06:42 am,0.9890000000000001,349.21,365.04
10/26/2019 10:06:42 am,0.99,348.78,365.75
10/26/2019 10:06:42 am,0.991,348.0,366.31
10/26/2019 10:06:42 am,0.992,347.13,366.93
10/26/2019 10:06:42 am,0.993,346.22,367.25
10/26/2019 10:06:42 am,0.9940000000000001,345.76,368.42
10/26/2019 10:06:42 am,0.995,344.62,369.01
10/26/2019 10:06:42 am,0.996,344.03,369.5
10/26/2019 10:06:42 am,0.997,343.12,370.01
10/26/2019 10:06:42 am,0.998,342.12,371.09
10/26/2019 10:06:42 am,0.9990000000000001,341.28,371.9
10/26/2019 10:06:43 am,1.0,340.47,372.35
10/26/2019 10:06:43 am,1.001,339.58,373.25
10/26/2019 10:06:43 am,1.002,339.23,373.98
10/26/2019 10:06:43 am,1.003,337.85,374.36
10/26/2019 10:06:43 am,1.004,337.34,374.85
10/26/2019 10:06:43 am,1.005,336.26,375.93
10/26/2019 10:06:43 am,1.006,335.48,376.44
10/26/2019 10:06:43 am,1.0070000000000001,334.54,377.3
10/26/2019 10:06:43 am,1.008,333.7,377.82
10/26/2019 10:06:43 am,1.0090000000000001,332.75,378.9
10/26/2019 10:06:43 am,1.01,331.73,379.54
10/26/2019 10:06:43 am,1.011,331.33,380.25
10/26/2019 10:06:43 am,1.012,330.25,380.63
10/26/2019 10:06:43 am,1.013,329.49,381.66
10/26/2019 10:06:43 am,1.014,328.87,381.79
10/26/2019 10:06:43 am,1.015,327.9,382.93
10/26/2019 10:06:43 am,1.016,327.74,383.28
10/26/2019 10:06:43 am,1.0170000000000001,326.07,383.85
10/26/2019 10:06:43 am,1.018,325.67,384.96
10/26/2019 10:06:43 am,1.0190000000000001,324.64,385.55
10/26/2019 10:06:43 am,1.02,324.05,385.41
10/26/2019 10:06:43 am,1.021,323.4,386.09
10/26/2019 10:06:43 am,1.022,322.94,386.44
10/26/2019 10:06:43 am,1.023,321.78,386.9
10/26/2019 10:06:43 am,1.024,321.33,388.39
10/26/2019 10:06:43 am,1.025,320.52,388.17
10/26/2019 10:06:43 am,1.026,319.84,388.61
10/26/2019 10:06:43 am,1.0270000000000001,319.39,389.58
10/26/2019 10:06:43 am,1.028,318.17,390.04
10/26/2019 10:06:43 am,1.0290000000000001,317.8,390.55
10/26/2019 10:06:43 am,1.03,317.37,391.12
10/26/2019 10:06:43 am,1.031,316.48,391.07
10/26/2019 10:06:43 am,1.032,316.37,391.69
10/26/2019 10:06:43 am,1.033,315.59,391.42
10/26/2019 10:06:43 am,1.034,315.49,391.99
10/26/2019 10:06:43 am,1.035,314.78,392.18
10/26/2019 10:06:43 am,1.036,314.38,392.72
10/26/2019 10:06:43 am,1.037,314.22,392.42
10/26/2019 10:06:43 am,1.038,313.79,392.53
10/26/2019 10:06:43 am,1.0390000000000001,313.87,392.73
10/26/2019 10:06:43 am,1.04,313.63,393.37
10/26/2019 10:06:43 am,1.041,313.26,392.85
10/26/2019 10:06:43 am,1.042,313.23,392.77
10/26/2019 10:06:43 am,1.043,312.75,392.56
10/26/2019 10:06:43 am,1.044,313.64,392.83
10/26/2019 10:06:43 am,1.045,312.97,392.21
10/26/2019 10:06:43 am,1.046,313.02,391.97
10/26/2019 10:06:43 am,1.047,313.03,391.8
10/26/2019 10:06:43 am,1.048,313.3,391.13
10/26/2019 10:06:43 am,1.0490000000000002,313.44,390.64
10/26/2019 10:06:43 am,1.05,313.55,390.24
10/26/2019 10:06:43 am,1.051,313.95,390.06
10/26/2019 10:06:43 am,1.052,313.9,389.08
10/26/2019 10:06:43 am,1.053,314.8,388.24
10/26/2019 10:06:43 am,1.054,315.58,388.02
10/26/2019 10:06:43 am,1.055,315.61,387.0
10/26/2019 10:06:43 am,1.056,316.15,386.26
10/26/2019 10:06:43 am,1.057,316.97,385.18
10/26/2019 10:06:43 am,1.058,317.48,383.94
10/26/2019 10:06:43 am,1.0590000000000002,317.99,383.48
10/26/2019 10:06:43 am,1.06,318.32,382.56
10/26/2019 10:06:43 am,1.061,319.49,381.27
10/26/2019 10:06:43 am,1.062,320.79,379.81
10/26/2019 10:06:43 am,1.063,321.3,379.18
10/26/2019 10:06:43 am,1.064,322.9,377.94
10/26/2019 10:06:43 am,1.065,323.44,376.83
10/26/2019 10:06:43 am,1.0659999999999998,324.68,375.91
10/26/2019 10:06:43 am,1.067,325.9,373.89
10/26/2019 10:06:43 am,1.068,327.2,372.93
10/26/2019 10:06:43 am,1.069,328.64,372.1
10/26/2019 10:06:43 am,1.07,329.85,371.02
10/26/2019 10:06:43 am,1.071,331.07,368.45
10/26/2019 10:06:43 am,1.072,333.05,368.21
10/26/2019 10:06:43 am,1.073,334.61,366.97
10/26/2019 10:06:43 am,1.074,336.02,365.7
10/26/2019 10:06:43 am,1.075,337.81,364.65
10/26/2019 10:06:43 am,1.0759999999999998,339.84,363.21
10/26/2019 10:06:43 am,1.077,341.51,362.86
10/26/2019 10:06:43 am,1.078,343.35,362.38
10/26/2019 10:06:43 am,1.079,345.22,361.65
10/26/2019 10:06:43 am,1.08,347.09,361.03
10/26/2019 10:06:43 am,1.081,349.01,360.52
10/26/2019 10:06:43 am,1.082,351.06,360.33
10/26/2019 10:06:43 am,1.083,353.47,359.04
10/26/2019 10:06:43 am,1.084,355.58,358.96
10/26/2019 10:06:43 am,1.085,357.47,358.61
10/26/2019 10:06:43 am,1.0859999999999999,359.82,357.97
10/26/2019 10:06:43 am,1.087,362.34,357.07
10/26/2019 10:06:43 am,1.088,365.07,356.6
10/26/2019 10:06:43 am,1.089,367.56,356.2
10/26/2019 10:06:43 am,1.09,369.13,355.28
10/26/2019 10:06:43 am,1.091,372.13,354.25
10/26/2019 10:06:43 am,1.092,374.83,353.66
10/26/2019 10:06:43 am,1.093,376.51,352.96
10/26/2019 10:06:43 am,1.094,379.27,351.88
10/26/2019 10:06:43 am,1.095,381.86,350.81
10/26/2019 10:06:43 am,1.0959999999999999,384.49,349.75
10/26/2019 10:06:43 am,1.097,387.38,348.32
10/26/2019 10:06:43 am,1.0979999999999999,390.0,347.84
10/26/2019 10:06:43 am,1.099,392.17,346.19
10/26/2019 10:06:43 am,1.1,395.03,344.38
10/26/2019 10:06:43 am,1.101,397.6,342.63
10/26/2019 10:06:43 am,1.102,400.09,340.85
10/26/2019 10:06:43 am,1.103,402.91,339.91
10/26/2019 10:06:43 am,1.104,406.09,338.17
10/26/2019 10:06:43 am,1.105,408.61,336.69
10/26/2019 10:06:43 am,1.1059999999999999,410.99,334.91
10/26/2019 10:06:43 am,1.107,413.59,333.08
10/26/2019 10:06:43 am,1.1079999999999999,416.86,331.11
10/26/2019 10:06:43 am,1.109,419.21,329.08
10/26/2019 10:06:43 am,1.11,421.92,326.81
10/26/2019 10:06:43 am,1.111,425.13,325.71
10/26/2019 10:06:43 am,1.112,428.41,323.62
10/26/2019 10:06:43 am,1.113,430.73,320.95
10/26/2019 10:06:43 am,1.114,433.28,318.6
10/26/2019 10:06:43 am,1.115,436.9,315.58
10/26/2019 10:06:43 am,1.1159999999999999,439.69,313.55
10/26/2019 10:06:43 am,1.117,442.31,311.6
10/26/2019 10:06:43 am,1.1179999999999999,445.45,308.02
10/26/2019 10:06:43 am,1.119,447.66,305.51
10/26/2019 10:06:43 am,1.12,451.23,303.45
10/26/2019 10:06:43 am,1.121,454.29,300.72
10/26/2019 10:06:43 am,1.122,457.45,298.75
10/26/2019 10:06:43 am,1.123,460.7,295.88
10/26/2019 10:06:43 am,1.124,463.65,293.8
10/26/2019 10:06:43 am,1.125,467.25,290.56
10/26/2019 10:06:43 am,1.126,470.41,286.86
10/26/2019 10:06:43 am,1.127,473.65,283.02
10/26/2019 10:06:43 am,1.128,476.9,280.26
10/26/2019 10:06:43 am,1.129,481.09,277.54
10/26/2019 10:06:43 am,1.13,483.88,275.18
10/26/2019 10:06:43 am,1.131,487.72,271.07
10/26/2019 10:06:43 am,1.1320000000000001,490.8,268.43
10/26/2019 10:06:43 am,1.133,494.72,264.81
10/26/2019 10:06:43 am,1.1340000000000001,497.51,261.7
10/26/2019 10:06:43 am,1.135,501.16,258.73
10/26/2019 10:06:43 am,1.136,504.32,254.51
10/26/2019 10:06:43 am,1.137,507.92,251.75
10/26/2019 10:06:43 am,1.138,511.14,247.46
10/26/2019 10:06:43 am,1.139,515.3,243.84
10/26/2019 10:06:43 am,1.14,518.98,239.25
10/26/2019 10:06:43 am,1.141,522.41,235.85
10/26/2019 10:06:43 am,1.1420000000000001,525.41,231.87
10/26/2019 10:06:43 am,1.143,528.66,227.51
10/26/2019 10:06:43 am,1.1440000000000001,532.47,223.03
10/26/2019 10:06:43 am,1.145,535.69,218.52
10/26/2019 10:06:43 am,1.146,539.77,215.82
10/26/2019 10:06:43 am,1.147,543.51,211.33
10/26/2019 10:06:43 am,1.148,547.4,207.96
10/26/2019 10:06:43 am,1.149,550.97,202.65
10/26/2019 10:06:43 am,1.15,554.57,199.01
10/26/2019 10:06:43 am,1.151,558.11,193.97
10/26/2019 10:06:43 am,1.1520000000000001,561.7,189.09
10/26/2019 10:06:43 am,1.153,565.68,183.3
10/26/2019 10:06:43 am,1.1540000000000001,569.6,179.33
10/26/2019 10:06:43 am,1.155,573.2,175.07
10/26/2019 10:06:43 am,1.156,576.79,170.56
10/26/2019 10:06:43 am,1.157,580.71,165.33
10/26/2019 10:06:43 am,1.158,584.88,160.99
10/26/2019 10:06:43 am,1.159,588.18,156.94
10/26/2019 10:06:43 am,1.16,591.91,152.16
10/26/2019 10:06:43 am,1.161,595.62,147.85
10/26/2019 10:06:43 am,1.162,599.27,141.46
10/26/2019 10:06:43 am,1.163,603.67,137.79
10/26/2019 10:06:43 am,1.1640000000000001,607.32,132.94
10/26/2019 10:06:43 am,1.165,610.95,128.49
10/26/2019 10:06:43 am,1.166,614.11,122.48
10/26/2019 10:06:43 am,1.167,618.57,118.78
10/26/2019 10:06:43 am,1.168,622.25,113.61
10/26/2019 10:06:43 am,1.169,626.5,109.35
10/26/2019 10:06:43 am,1.17,630.09,103.58
10/26/2019 10:06:43 am,1.171,634.18,100.29
10/26/2019 10:06:43 am,1.172,637.85,95.76
10/26/2019 10:06:43 am,1.173,641.42,91.2
10/26/2019 10:06:43 am,1.1740000000000002,645.94,86.81
10/26/2019 10:06:43 am,1.175,649.73,83.15
10/26/2019 10:06:43 am,1.176,653.62,79.34
10/26/2019 10:06:43 am,1.177,657.3,76.16
10/26/2019 10:06:43 am,1.178,661.06,72.04
10/26/2019 10:06:43 am,1.179,665.33,67.83
10/26/2019 10:06:43 am,1.18,669.04,65.4
10/26/2019 10:06:43 am,1.181,672.99,62.0
10/26/2019 10:06:43 am,1.182,676.61,58.75
10/26/2019 10:06:43 am,1.183,680.04,55.24
10/26/2019 10:06:43 am,1.1840000000000002,684.37,52.98
10/26/2019 10:06:43 am,1.185,687.75,50.8
10/26/2019 10:06:43 am,1.186,691.62,47.51
10/26/2019 10:06:43 am,1.187,695.59,44.73
10/26/2019 10:06:43 am,1.188,699.14,42.56
10/26/2019 10:06:43 am,1.189,702.11,39.86
10/26/2019 10:06:43 am,1.19,705.58,37.57
10/26/2019 10:06:43 am,1.1909999999999998,708.58,35.38
10/26/2019 10:06:43 am,1.192,712.09,33.47
10/26/2019 10:06:43 am,1.193,715.5,31.91
10/26/2019 10:06:43 am,1.194,718.82,30.29
10/26/2019 10:06:43 am,1.195,722.13,28.48
10/26/2019 10:06:43 am,1.196,724.96,27.49
10/26/2019 10:06:43 am,1.197,727.8,26.79
10/26/2019 10:06:43 am,1.198,730.86,25.14
10/26/2019 10:06:43 am,1.199,733.4,23.87
10/26/2019 10:06:43 am,1.2,736.16,22.47
10/26/2019 10:06:43 am,1.2009999999999998,739.21,21.24
10/26/2019 10:06:43 am,1.202,741.7,20.16
10/26/2019 10:06:43 am,1.203,744.7,18.99
10/26/2019 10:06:43 am,1.204,747.19,18.18
10/26/2019 10:06:43 am,1.205,749.9,17.7
10/26/2019 10:06:43 am,1.206,751.3,17.16
10/26/2019 10:06:43 am,1.207,754.14,15.92
10/26/2019 10:06:43 am,1.208,755.79,14.75
10/26/2019 10:06:43 am,1.209,757.87,14.1
10/26/2019 10:06:43 am,1.21,759.98,13.3
10/26/2019 10:06:43 am,1.2109999999999999,761.33,12.84
10/26/2019 10:06:43 am,1.212,763.12,12.62
10/26/2019 10:06:43 am,1.213,764.5,12.57
10/26/2019 10:06:43 am,1.214,765.9,11.07
10/26/2019 10:06:43 am,1.215,767.2,9.3
10/26/2019 10:06:43 am,1.216,768.74,7.83
10/26/2019 10:06:43 am,1.217,769.42,8.09
10/26/2019 10:06:43 am,1.218,770.31,8.06
10/26/2019 10:06:43 am,1.219,771.6,7.73
10/26/2019 10:06:43 am,1.22,772.12,6.18
10/26/2019 10:06:43 am,1.2209999999999999,772.87,5.2
10/26/2019 10:06:43 am,1.222,773.31,4.28
10/26/2019 10:06:43 am,1.2229999999999999,773.33,3.74
10/26/2019 10:06:43 am,1.224,773.93,2.5
10/26/2019 10:06:43 am,1.225,773.52,2.03
10/26/2019 10:06:43 am,1.226,773.38,1.05
10/26/2019 10:06:43 am,1.227,773.63,1.41
10/26/2019 10:06:43 am,1.228,773.54,2.14
10/26/2019 10:06:43 am,1.229,773.49,2.11
10/26/2019 10:06:43 am,1.23,772.95,2.0
10/26/2019 10:06:43 am,1.2309999999999999,772.84,1.59
10/26/2019 10:06:43 am,1.232,771.67,2.4
10/26/2019 10:06:43 am,1.2329999999999999,770.86,2.67
10/26/2019 10:06:43 am,1.234,770.08,2.67
10/26/2019 10:06:43 am,1.235,769.59,1.75
10/26/2019 10:06:43 am,1.236,768.8,1.65
10/26/2019 10:06:43 am,1.237,767.23,2.46
10/26/2019 10:06:43 am,1.238,765.82,1.87
10/26/2019 10:06:43 am,1.239,764.74,1.98
10/26/2019 10:06:43 am,1.24,763.15,1.73
10/26/2019 10:06:43 am,1.2409999999999999,761.3,1.95
10/26/2019 10:06:43 am,1.242,759.98,2.22
10/26/2019 10:06:43 am,1.2429999999999999,757.87,2.4
10/26/2019 10:06:43 am,1.244,756.57,2.16
10/26/2019 10:06:43 am,1.245,754.32,1.86
10/26/2019 10:06:43 am,1.246,752.13,1.79
10/26/2019 10:06:43 am,1.247,750.78,2.03
10/26/2019 10:06:43 am,1.248,748.61,1.92
10/26/2019 10:06:43 am,1.249,747.01,1.81
10/26/2019 10:06:43 am,1.25,744.28,1.76
10/26/2019 10:06:43 am,1.251,741.98,1.84
10/26/2019 10:06:43 am,1.252,739.6,1.65
10/26/2019 10:06:43 am,1.253,737.16,1.92
10/26/2019 10:06:43 am,1.254,735.16,2.03
10/26/2019 10:06:43 am,1.255,732.62,3.06
10/26/2019 10:06:43 am,1.256,730.35,2.06
10/26/2019 10:06:43 am,1.2570000000000001,727.77,2.11
10/26/2019 10:06:43 am,1.258,724.66,2.27
10/26/2019 10:06:43 am,1.2590000000000001,721.82,2.14
10/26/2019 10:06:43 am,1.26,719.17,1.87
10/26/2019 10:06:43 am,1.261,716.6,2.22
10/26/2019 10:06:43 am,1.262,714.03,2.3
10/26/2019 10:06:43 am,1.263,711.27,1.95
10/26/2019 10:06:43 am,1.264,708.73,2.38
10/26/2019 10:06:43 am,1.265,705.67,2.03
10/26/2019 10:06:43 am,1.266,703.02,1.9
10/26/2019 10:06:43 am,1.2670000000000001,700.91,1.95
10/26/2019 10:06:43 am,1.268,697.85,1.81
10/26/2019 10:06:43 am,1.2690000000000001,695.5,1.65
10/26/2019 10:06:43 am,1.27,692.65,1.73
10/26/2019 10:06:43 am,1.271,689.87,1.92
10/26/2019 10:06:43 am,1.272,688.11,1.89
10/26/2019 10:06:43 am,1.273,685.0,1.71
10/26/2019 10:06:43 am,1.274,682.32,1.78
10/26/2019 10:06:43 am,1.275,679.83,1.76
10/26/2019 10:06:43 am,1.276,677.69,2.11
10/26/2019 10:06:43 am,1.2770000000000001,675.12,2.0
10/26/2019 10:06:43 am,1.278,672.11,1.98
10/26/2019 10:06:43 am,1.2790000000000001,670.25,2.11
10/26/2019 10:06:43 am,1.28,667.43,1.7
10/26/2019 10:06:43 am,1.281,665.43,2.0
10/26/2019 10:06:43 am,1.2819999999999998,663.13,1.6
10/26/2019 10:06:43 am,1.2830000000000001,660.51,1.7
10/26/2019 10:06:43 am,1.284,658.04,2.12
10/26/2019 10:06:43 am,1.285,655.66,2.14
10/26/2019 10:06:43 am,1.286,653.87,1.71
10/26/2019 10:06:43 am,1.287,651.73,1.84
10/26/2019 10:06:43 am,1.288,649.25,1.57
10/26/2019 10:06:43 am,1.2890000000000001,647.7,1.47
10/26/2019 10:06:43 am,1.29,645.1,1.9
10/26/2019 10:06:43 am,1.291,643.21,1.74
10/26/2019 10:06:43 am,1.2919999999999998,640.96,2.14
10/26/2019 10:06:43 am,1.2930000000000001,638.61,1.87
10/26/2019 10:06:43 am,1.294,636.93,1.66
10/26/2019 10:06:43 am,1.295,634.98,1.71
10/26/2019 10:06:43 am,1.296,632.68,1.87
10/26/2019 10:06:43 am,1.297,631.11,2.06
10/26/2019 10:06:43 am,1.298,629.4,1.71
10/26/2019 10:06:43 am,1.2990000000000002,627.51,2.14
10/26/2019 10:06:43 am,1.3,625.29,2.14
10/26/2019 10:06:43 am,1.301,623.99,1.76
10/26/2019 10:06:43 am,1.3019999999999998,622.36,1.52
10/26/2019 10:06:43 am,1.3030000000000002,620.47,1.46
10/26/2019 10:06:43 am,1.304,619.22,1.95
10/26/2019 10:06:43 am,1.305,618.03,2.17
10/26/2019 10:06:43 am,1.306,616.21,2.28
10/26/2019 10:06:43 am,1.307,614.29,1.84
10/26/2019 10:06:43 am,1.308,612.77,2.03
10/26/2019 10:06:43 am,1.3090000000000002,611.61,2.06
10/26/2019 10:06:43 am,1.31,610.63,2.28
10/26/2019 10:06:43 am,1.311,608.95,2.06
10/26/2019 10:06:43 am,1.3119999999999998,607.57,1.68
10/26/2019 10:06:43 am,1.3130000000000002,606.43,1.84
10/26/2019 10:06:43 am,1.314,605.32,1.95
10/26/2019 10:06:43 am,1.315,604.4,1.6
10/26/2019 10:06:43 am,1.3159999999999998,603.45,1.92
10/26/2019 10:06:43 am,1.317,602.12,2.3
10/26/2019 10:06:43 am,1.318,601.77,2.03
10/26/2019 10:06:43 am,1.319,600.25,2.14
10/26/2019 10:06:43 am,1.32,599.68,2.14
10/26/2019 10:06:43 am,1.321,598.65,1.82
10/26/2019 10:06:43 am,1.3219999999999998,597.62,1.92
10/26/2019 10:06:43 am,1.3230000000000002,597.46,1.89
10/26/2019 10:06:43 am,1.324,597.05,1.89
10/26/2019 10:06:43 am,1.325,596.07,2.14
10/26/2019 10:06:43 am,1.3259999999999998,595.39,2.2
10/26/2019 10:06:43 am,1.327,594.87,1.63
10/26/2019 10:06:43 am,1.328,594.87,1.49
10/26/2019 10:06:43 am,1.329,594.11,1.95
10/26/2019 10:06:43 am,1.33,594.03,1.95
10/26/2019 10:06:43 am,1.331,593.62,2.25
10/26/2019 10:06:43 am,1.3319999999999999,593.46,2.14
10/26/2019 10:06:43 am,1.3330000000000002,592.48,1.89
10/26/2019 10:06:43 am,1.334,592.91,1.98
10/26/2019 10:06:43 am,1.335,592.58,1.9
10/26/2019 10:06:43 am,1.3359999999999999,592.09,2.11
10/26/2019 10:06:43 am,1.337,592.3,1.81
10/26/2019 10:06:43 am,1.338,592.49,1.98
10/26/2019 10:06:43 am,1.339,592.14,1.98
10/26/2019 10:06:43 am,1.34,592.29,2.11
10/26/2019 10:06:43 am,1.341,592.24,2.39
10/26/2019 10:06:43 am,1.3419999999999999,592.48,2.0
10/26/2019 10:06:43 am,1.3430000000000002,592.72,1.9
10/26/2019 10:06:43 am,1.344,592.85,1.66
10/26/2019 10:06:43 am,1.345,593.01,2.17
10/26/2019 10:06:43 am,1.3459999999999999,593.54,2.33
10/26/2019 10:06:43 am,1.347,593.89,1.76
10/26/2019 10:06:43 am,1.348,593.97,1.76
10/26/2019 10:06:43 am,1.349,594.69,2.14
10/26/2019 10:06:43 am,1.35,594.56,2.2
10/26/2019 10:06:43 am,1.351,595.12,2.14
10/26/2019 10:06:43 am,1.3519999999999999,595.41,1.76
10/26/2019 10:06:43 am,1.3530000000000002,596.14,1.71
10/26/2019 10:06:43 am,1.354,596.43,2.44
10/26/2019 10:06:43 am,1.355,597.03,2.14
10/26/2019 10:06:43 am,1.3559999999999999,597.75,1.81
10/26/2019 10:06:43 am,1.357,597.99,1.73
10/26/2019 10:06:43 am,1.358,598.58,1.82
10/26/2019 10:06:43 am,1.359,599.9,1.87
10/26/2019 10:06:43 am,1.36,600.14,1.95
10/26/2019 10:06:43 am,1.361,601.0,2.09
10/26/2019 10:06:43 am,1.3619999999999999,601.7,1.87
10/26/2019 10:06:43 am,1.3630000000000002,602.45,1.68
10/26/2019 10:06:43 am,1.364,603.42,1.97
10/26/2019 10:06:43 am,1.365,604.26,1.73
10/26/2019 10:06:43 am,1.3659999999999999,605.25,2.06
10/26/2019 10:06:43 am,1.367,605.92,2.11
10/26/2019 10:06:43 am,1.368,607.33,2.14
10/26/2019 10:06:43 am,1.369,608.4,1.84
10/26/2019 10:06:43 am,1.37,609.21,2.03
10/26/2019 10:06:43 am,1.371,610.1,2.41
10/26/2019 10:06:43 am,1.3719999999999999,610.69,2.09
10/26/2019 10:06:43 am,1.3730000000000002,611.74,1.6
10/26/2019 10:06:43 am,1.374,613.38,1.51
10/26/2019 10:06:43 am,1.375,614.49,1.87
10/26/2019 10:06:43 am,1.376,615.1,1.49
10/26/2019 10:06:43 am,1.3769999999999998,616.07,2.03
10/26/2019 10:06:43 am,1.3780000000000001,617.09,1.84
10/26/2019 10:06:43 am,1.379,618.63,1.95
10/26/2019 10:06:43 am,1.38,619.55,1.76
10/26/2019 10:06:43 am,1.381,620.62,2.3
10/26/2019 10:06:43 am,1.382,621.91,2.33
10/26/2019 10:06:43 am,1.383,623.15,2.25
10/26/2019 10:06:43 am,1.3840000000000001,624.01,1.76
10/26/2019 10:06:43 am,1.385,625.52,1.92
10/26/2019 10:06:43 am,1.386,626.97,1.9
10/26/2019 10:06:43 am,1.3869999999999998,628.0,2.03
10/26/2019 10:06:43 am,1.3880000000000001,629.78,2.55
10/26/2019 10:06:43 am,1.389,630.74,2.03
10/26/2019 10:06:43 am,1.39,632.52,1.82
10/26/2019 10:06:43 am,1.391,634.0,1.85
10/26/2019 10:06:43 am,1.392,634.87,1.89
10/26/2019 10:06:43 am,1.393,636.78,1.98
10/26/2019 10:06:43 am,1.3940000000000001,638.69,2.11
10/26/2019 10:06:43 am,1.395,640.06,1.47
10/26/2019 10:06:43 am,1.396,641.28,2.33
10/26/2019 10:06:43 am,1.3969999999999998,642.84,1.71
10/26/2019 10:06:43 am,1.3980000000000001,644.4,1.76
10/26/2019 10:06:43 am,1.399,645.5,2.25
10/26/2019 10:06:43 am,1.4,647.52,1.87
10/26/2019 10:06:43 am,1.401,648.98,1.92
10/26/2019 10:06:43 am,1.402,650.49,1.98
10/26/2019 10:06:43 am,1.403,651.7,2.22
10/26/2019 10:06:43 am,1.4040000000000001,653.42,2.11
10/26/2019 10:06:43 am,1.405,654.8,1.95
10/26/2019 10:06:43 am,1.406,655.84,2.09
10/26/2019 10:06:43 am,1.4069999999999998,658.57,2.19
10/26/2019 10:06:43 am,1.4080000000000001,659.99,2.11
10/26/2019 10:06:43 am,1.409,661.69,1.92
10/26/2019 10:06:43 am,1.41,663.28,1.74
10/26/2019 10:06:43 am,1.411,664.65,1.68
10/26/2019 10:06:43 am,1.412,666.24,2.09
10/26/2019 10:06:43 am,1.413,667.8,1.6
10/26/2019 10:06:43 am,1.4140000000000001,669.41,1.38
10/26/2019 10:06:43 am,1.415,671.11,1.54
10/26/2019 10:06:43 am,1.416,672.64,1.87
10/26/2019 10:06:43 am,1.4169999999999998,674.8,1.6
10/26/2019 10:06:43 am,1.4180000000000001,676.31,1.95
10/26/2019 10:06:43 am,1.419,677.54,1.68
10/26/2019 10:06:43 am,1.42,679.27,2.03
10/26/2019 10:06:43 am,1.421,681.69,2.5
10/26/2019 10:06:43 am,1.422,682.68,1.84
10/26/2019 10:06:43 am,1.423,684.6,1.76
10/26/2019 10:06:43 am,1.4240000000000002,686.51,2.01
10/26/2019 10:06:43 am,1.425,687.8,2.11
10/26/2019 10:06:43 am,1.426,689.98,1.33
10/26/2019 10:06:43 am,1.4269999999999998,691.24,2.36
10/26/2019 10:06:43 am,1.4280000000000002,692.19,2.09
10/26/2019 10:06:43 am,1.429,694.15,1.82
10/26/2019 10:06:43 am,1.43,695.79,2.06
10/26/2019 10:06:43 am,1.431,697.38,1.85
10/26/2019 10:06:43 am,1.432,698.89,2.36
10/26/2019 10:06:43 am,1.433,700.34,2.19
10/26/2019 10:06:43 am,1.4340000000000002,701.33,2.14
10/26/2019 10:06:43 am,1.435,703.03,1.71
10/26/2019 10:06:43 am,1.436,704.64,1.36
10/26/2019 10:06:43 am,1.4369999999999998,706.18,1.81
10/26/2019 10:06:43 am,1.4380000000000002,707.82,2.11
10/26/2019 10:06:43 am,1.439,709.4,1.82
10/26/2019 10:06:43 am,1.44,710.64,2.14
10/26/2019 10:06:43 am,1.4409999999999998,711.99,1.95
10/26/2019 10:06:43 am,1.442,713.71,2.06
10/26/2019 10:06:43 am,1.443,715.51,1.98
10/26/2019 10:06:43 am,1.444,716.72,2.03
10/26/2019 10:06:43 am,1.445,718.26,2.03
10/26/2019 10:06:43 am,1.446,720.14,2.08
10/26/2019 10:06:43 am,1.4469999999999998,722.19,2.25
10/26/2019 10:06:43 am,1.4480000000000002,722.72,2.03
10/26/2019 10:06:43 am,1.449,724.09,2.03
10/26/2019 10:06:43 am,1.45,725.31,2.01
10/26/2019 10:06:43 am,1.4509999999999998,727.22,1.79
10/26/2019 10:06:43 am,1.452,728.91,1.58
10/26/2019 10:06:43 am,1.453,730.23,1.68
10/26/2019 10:06:43 am,1.454,731.81,1.61
10/26/2019 10:06:43 am,1.455,733.56,2.15
10/26/2019 10:06:43 am,1.456,735.26,2.49
10/26/2019 10:06:43 am,1.4569999999999999,735.88,2.17
10/26/2019 10:06:43 am,1.4580000000000002,737.28,2.11
10/26/2019 10:06:43 am,1.459,738.38,1.6
10/26/2019 10:06:43 am,1.46,739.15,1.27
10/26/2019 10:06:43 am,1.4609999999999999,740.04,1.12
10/26/2019 10:06:43 am,1.462,740.6,0.1
10/26/2019 10:06:43 am,1.463,741.49,0.22
10/26/2019 10:06:43 am,1.464,742.67,0.79
10/26/2019 10:06:43 am,1.465,744.26,0.89
10/26/2019 10:06:43 am,1.466,746.38,1.43
10/26/2019 10:06:43 am,1.4669999999999999,747.73,2.1
10/26/2019 10:06:43 am,1.4680000000000002,748.97,3.51
10/26/2019 10:06:43 am,1.469,750.5,3.75
10/26/2019 10:06:43 am,1.47,751.66,3.87
10/26/2019 10:06:43 am,1.4709999999999999,753.14,3.88
10/26/2019 10:06:43 am,1.472,754.26,3.98
10/26/2019 10:06:43 am,1.473,754.61,3.53
10/26/2019 10:06:43 am,1.474,755.82,2.4
10/26/2019 10:06:43 am,1.475,756.84,1.55
10/26/2019 10:06:43 am,1.476,758.11,1.18
10/26/2019 10:06:43 am,1.4769999999999999,759.66,1.54
10/26/2019 10:06:43 am,1.4780000000000002,760.34,1.35
10/26/2019 10:06:43 am,1.479,762.17,1.21
10/26/2019 10:06:43 am,1.48,763.02,1.65
10/26/2019 10:06:43 am,1.4809999999999999,764.75,2.53
10/26/2019 10:06:43 am,1.482,765.74,2.89
10/26/2019 10:06:43 am,1.483,766.66,2.56
10/26/2019 10:06:43 am,1.484,767.25,3.27
10/26/2019 10:06:43 am,1.485,768.35,2.86
10/26/2019 10:06:43 am,1.486,769.07,1.95
10/26/2019 10:06:43 am,1.4869999999999999,770.58,1.63
10/26/2019 10:06:43 am,1.4880000000000002,770.33,0.45
10/26/2019 10:06:43 am,1.489,772.06,0.2
10/26/2019 10:06:43 am,1.49,773.16,0.09
10/26/2019 10:06:43 am,1.4909999999999999,775.29,-0.16
10/26/2019 10:06:43 am,1.492,775.8,0.51
10/26/2019 10:06:43 am,1.493,776.56,1.12
10/26/2019 10:06:43 am,1.494,777.36,2.03
10/26/2019 10:06:43 am,1.495,779.14,2.35
10/26/2019 10:06:43 am,1.496,781.43,2.53
10/26/2019 10:06:43 am,1.4969999999999999,782.43,2.91
10/26/2019 10:06:43 am,1.4980000000000002,782.45,3.27
10/26/2019 10:06:43 am,1.499,783.41,2.86
10/26/2019 10:06:43 am,1.5,783.9,2.38
10/26/2019 10:06:43 am,1.501,784.95,2.23
10/26/2019 10:06:43 am,1.5019999999999998,786.0,1.37
10/26/2019 10:06:43 am,1.5030000000000001,785.78,1.55
10/26/2019 10:06:43 am,1.504,785.72,1.96
10/26/2019 10:06:43 am,1.505,785.8,1.6
10/26/2019 10:06:43 am,1.506,786.12,2.27
10/26/2019 10:06:43 am,1.507,785.71,2.33
10/26/2019 10:06:43 am,1.508,786.84,2.11
10/26/2019 10:06:43 am,1.5090000000000001,786.62,2.19
10/26/2019 10:06:43 am,1.51,786.27,1.41
10/26/2019 10:06:43 am,1.511,785.75,1.5
10/26/2019 10:06:43 am,1.5119999999999998,785.91,0.83
10/26/2019 10:06:43 am,1.5130000000000001,785.72,0.73
10/26/2019 10:06:43 am,1.514,785.52,0.4
10/26/2019 10:06:43 am,1.515,785.3,0.71
10/26/2019 10:06:43 am,1.516,784.48,0.81
10/26/2019 10:06:43 am,1.517,783.59,1.05
10/26/2019 10:06:43 am,1.518,782.77,1.64
10/26/2019 10:06:43 am,1.5190000000000001,781.85,1.98
10/26/2019 10:06:43 am,1.52,781.15,2.14
10/26/2019 10:06:43 am,1.521,779.93,2.46
10/26/2019 10:06:43 am,1.5219999999999998,778.33,2.71
10/26/2019 10:06:43 am,1.5230000000000001,776.98,2.6
10/26/2019 10:06:43 am,1.524,775.46,2.36
10/26/2019 10:06:43 am,1.525,773.49,2.74
10/26/2019 10:06:43 am,1.526,771.65,2.2
10/26/2019 10:06:43 am,1.527,770.0,2.12
10/26/2019 10:06:43 am,1.528,767.75,2.33
10/26/2019 10:06:43 am,1.5290000000000001,765.59,2.49
10/26/2019 10:06:43 am,1.53,763.13,2.43
10/26/2019 10:06:43 am,1.531,760.59,2.67
10/26/2019 10:06:43 am,1.5319999999999998,757.94,1.72
10/26/2019 10:06:43 am,1.5330000000000001,754.86,2.27
10/26/2019 10:06:43 am,1.534,751.32,2.27
10/26/2019 10:06:43 am,1.535,748.41,2.21
10/26/2019 10:06:43 am,1.536,744.87,1.75
10/26/2019 10:06:43 am,1.537,741.44,1.19
10/26/2019 10:06:43 am,1.538,737.71,1.17
10/26/2019 10:06:43 am,1.5390000000000001,734.36,1.25
10/26/2019 10:06:43 am,1.54,730.66,1.11
10/26/2019 10:06:43 am,1.541,726.63,1.09
10/26/2019 10:06:43 am,1.5419999999999998,721.69,1.21
10/26/2019 10:06:43 am,1.5430000000000001,718.61,1.19
10/26/2019 10:06:43 am,1.544,713.83,0.94
10/26/2019 10:06:43 am,1.545,709.73,1.69
10/26/2019 10:06:43 am,1.546,705.13,1.67
10/26/2019 10:06:43 am,1.547,700.14,1.85
10/26/2019 10:06:43 am,1.548,695.79,1.37
10/26/2019 10:06:43 am,1.5490000000000002,691.2,1.32
10/26/2019 10:06:43 am,1.55,685.91,1.29
10/26/2019 10:06:43 am,1.551,680.61,1.54
10/26/2019 10:06:43 am,1.5519999999999998,675.16,1.54
10/26/2019 10:06:43 am,1.5530000000000002,669.6,1.51
10/26/2019 10:06:43 am,1.554,664.68,1.29
10/26/2019 10:06:43 am,1.555,658.56,1.56
10/26/2019 10:06:43 am,1.556,651.8,1.22
10/26/2019 10:06:43 am,1.557,646.54,1.51
10/26/2019 10:06:43 am,1.558,639.9,1.02
10/26/2019 10:06:43 am,1.5590000000000002,633.55,1.41
10/26/2019 10:06:43 am,1.56,628.15,1.62
10/26/2019 10:06:43 am,1.561,621.27,1.22
10/26/2019 10:06:43 am,1.5619999999999998,614.98,1.38
10/26/2019 10:06:43 am,1.5630000000000002,608.04,1.58
10/26/2019 10:06:43 am,1.564,601.21,1.17
10/26/2019 10:06:43 am,1.565,594.08,1.23
10/26/2019 10:06:43 am,1.5659999999999998,587.22,0.93
10/26/2019 10:06:43 am,1.567,580.39,1.41
10/26/2019 10:06:43 am,1.568,573.94,1.15
10/26/2019 10:06:43 am,1.569,567.0,1.25
10/26/2019 10:06:43 am,1.57,559.71,1.42
10/26/2019 10:06:43 am,1.571,552.29,1.58
10/26/2019 10:06:43 am,1.5719999999999998,544.65,1.63
10/26/2019 10:06:43 am,1.5730000000000002,537.63,1.85
10/26/2019 10:06:43 am,1.574,530.21,1.92
10/26/2019 10:06:43 am,1.575,523.11,2.2
10/26/2019 10:06:43 am,1.5759999999999998,515.18,2.25
10/26/2019 10:06:43 am,1.577,507.86,1.95
10/26/2019 10:06:43 am,1.578,498.58,2.53
10/26/2019 10:06:43 am,1.579,490.86,2.17
10/26/2019 10:06:43 am,1.58,482.47,2.15
10/26/2019 10:06:43 am,1.581,475.21,2.76
10/26/2019 10:06:43 am,1.5819999999999999,467.19,1.69
10/26/2019 10:06:43 am,1.5830000000000002,459.29,1.82
10/26/2019 10:06:43 am,1.584,449.9,1.96
10/26/2019 10:06:43 am,1.585,441.8,1.88
10/26/2019 10:06:43 am,1.5859999999999999,433.06,1.8
10/26/2019 10:06:43 am,1.587,424.7,1.69
10/26/2019 10:06:43 am,1.588,415.97,2.09
10/26/2019 10:06:43 am,1.589,407.72,2.23
10/26/2019 10:06:43 am,1.59,399.49,2.02
10/26/2019 10:06:43 am,1.591,390.32,2.28
10/26/2019 10:06:43 am,1.5919999999999999,382.17,1.64
10/26/2019 10:06:43 am,1.5930000000000002,373.13,1.64
10/26/2019 10:06:43 am,1.594,364.6,2.02
10/26/2019 10:06:43 am,1.595,356.4,2.72
10/26/2019 10:06:43 am,1.5959999999999999,347.79,2.37
10/26/2019 10:06:43 am,1.597,339.24,2.39
10/26/2019 10:06:43 am,1.598,330.71,3.12
10/26/2019 10:06:43 am,1.599,321.92,2.42
10/26/2019 10:06:43 am,1.6,313.45,2.82
10/26/2019 10:06:43 am,1.601,304.6,2.8
10/26/2019 10:06:43 am,1.6019999999999999,295.8,3.42
10/26/2019 10:06:43 am,1.6030000000000002,287.33,3.2
10/26/2019 10:06:43 am,1.604,278.38,2.61
10/26/2019 10:06:43 am,1.605,270.56,2.48
10/26/2019 10:06:43 am,1.6059999999999999,262.92,2.37
10/26/2019 10:06:43 am,1.607,254.92,2.51
10/26/2019 10:06:43 am,1.608,246.74,2.51
10/26/2019 10:06:43 am,1.609,239.65,2.42
10/26/2019 10:06:43 am,1.61,232.1,2.13
10/26/2019 10:06:43 am,1.611,224.2,2.05
10/26/2019 10:06:43 am,1.6119999999999999,217.22,2.26
10/26/2019 10:06:43 am,1.6130000000000002,209.48,2.34
10/26/2019 10:06:43 am,1.614,202.61,2.61
10/26/2019 10:06:43 am,1.615,195.6,2.24
10/26/2019 10:06:43 am,1.6159999999999999,188.16,2.29
10/26/2019 10:06:43 am,1.617,181.6,2.73
10/26/2019 10:06:43 am,1.618,175.97,2.61
10/26/2019 10:06:43 am,1.619,170.03,2.12
10/26/2019 10:06:43 am,1.62,163.43,2.72
10/26/2019 10:06:43 am,1.621,158.19,2.75
10/26/2019 10:06:43 am,1.6219999999999999,152.83,2.56
10/26/2019 10:06:43 am,1.6230000000000002,147.35,2.58
10/26/2019 10:06:43 am,1.624,141.77,2.74
10/26/2019 10:06:43 am,1.625,136.65,2.79
10/26/2019 10:06:43 am,1.626,131.82,2.74
10/26/2019 10:06:43 am,1.6269999999999998,125.86,2.95
10/26/2019 10:06:43 am,1.6280000000000001,121.55,2.6
10/26/2019 10:06:43 am,1.629,116.8,2.8
10/26/2019 10:06:43 am,1.63,112.81,2.52
10/26/2019 10:06:43 am,1.631,109.09,2.36
10/26/2019 10:06:43 am,1.632,105.56,2.69
10/26/2019 10:06:43 am,1.633,102.05,2.55
10/26/2019 10:06:43 am,1.6340000000000001,97.92,2.82
10/26/2019 10:06:43 am,1.635,93.75,2.39
10/26/2019 10:06:43 am,1.636,90.62,2.5
10/26/2019 10:06:43 am,1.6369999999999998,86.41,2.58
10/26/2019 10:06:43 am,1.6380000000000001,83.09,2.31
10/26/2019 10:06:43 am,1.639,80.1,2.66
10/26/2019 10:06:43 am,1.64,76.43,2.42
10/26/2019 10:06:43 am,1.641,73.63,2.34
10/26/2019 10:06:43 am,1.642,70.18,2.5
10/26/2019 10:06:43 am,1.643,67.86,2.93
10/26/2019 10:06:43 am,1.6440000000000001,64.73,1.93
10/26/2019 10:06:43 am,1.645,62.19,2.69
10/26/2019 10:06:43 am,1.646,59.87,2.47
10/26/2019 10:06:43 am,1.6469999999999998,57.45,1.96
10/26/2019 10:06:43 am,1.6480000000000001,55.29,2.28
10/26/2019 10:06:43 am,1.649,53.24,2.77
10/26/2019 10:06:43 am,1.65,51.06,2.09
10/26/2019 10:06:43 am,1.651,47.93,2.23
10/26/2019 10:06:43 am,1.652,45.9,2.47
10/26/2019 10:06:43 am,1.653,43.59,2.63
10/26/2019 10:06:43 am,1.6540000000000001,41.97,2.5
10/26/2019 10:06:43 am,1.655,40.21,2.5
10/26/2019 10:06:43 am,1.656,39.11,2.26
10/26/2019 10:06:43 am,1.6569999999999998,38.03,1.82
10/26/2019 10:06:43 am,1.6580000000000001,36.31,2.34
10/26/2019 10:06:43 am,1.659,35.34,2.56
10/26/2019 10:06:43 am,1.66,32.91,1.94
10/26/2019 10:06:43 am,1.661,31.07,1.82
10/26/2019 10:06:43 am,1.662,29.78,1.63
10/26/2019 10:06:43 am,1.663,28.59,1.85
10/26/2019 10:06:43 am,1.6640000000000001,27.27,1.72
10/26/2019 10:06:43 am,1.665,25.57,1.8
10/26/2019 10:06:43 am,1.666,24.5,1.93
10/26/2019 10:06:43 am,1.6669999999999998,22.69,2.14
10/26/2019 10:06:43 am,1.6680000000000001,21.45,1.88
10/26/2019 10:06:43 am,1.669,20.88,2.14
10/26/2019 10:06:43 am,1.67,19.75,1.79
10/26/2019 10:06:43 am,1.671,19.48,2.09
10/26/2019 10:06:43 am,1.672,18.24,2.03
10/26/2019 10:06:43 am,1.673,17.3,2.69
10/26/2019 10:06:43 am,1.6740000000000002,16.65,2.11
10/26/2019 10:06:43 am,1.675,15.25,2.33
10/26/2019 10:06:43 am,1.676,14.23,1.93
10/26/2019 10:06:43 am,1.6769999999999998,13.15,2.42
10/26/2019 10:06:43 am,1.6780000000000002,11.75,2.68
10/26/2019 10:06:43 am,1.679,10.97,2.06
10/26/2019 10:06:43 am,1.68,10.1,2.33
10/26/2019 10:06:43 am,1.681,9.56,2.49
10/26/2019 10:06:43 am,1.682,8.03,2.16
10/26/2019 10:06:43 am,1.683,7.0,2.55
10/26/2019 10:06:43 am,1.6840000000000002,6.76,2.22
10/26/2019 10:06:43 am,1.685,5.81,1.84
10/26/2019 10:06:43 am,1.686,5.71,2.2
10/26/2019 10:06:43 am,1.6869999999999998,4.63,1.82
10/26/2019 10:06:43 am,1.6880000000000002,4.15,2.12
10/26/2019 10:06:43 am,1.689,2.45,2.63
10/26/2019 10:06:43 am,1.69,2.1,2.07
10/26/2019 10:06:43 am,1.6909999999999998,1.72,2.31
10/26/2019 10:06:43 am,1.692,1.75,2.09
10/26/2019 10:06:43 am,1.693,2.99,2.06
10/26/2019 10:06:43 am,1.694,3.58,1.74
10/26/2019 10:06:43 am,1.695,3.88,2.28
10/26/2019 10:06:43 am,1.696,3.69,2.31
10/26/2019 10:06:43 am,1.6969999999999998,2.99,2.63
10/26/2019 10:06:43 am,1.6980000000000002,2.37,2.23
10/26/2019 10:06:43 am,1.699,2.85,2.38
10/26/2019 10:06:43 am,1.7,2.93,2.23
10/26/2019 10:06:43 am,1.7009999999999998,3.29,2.17
10/26/2019 10:06:43 am,1.702,3.47,2.54
10/26/2019 10:06:43 am,1.703,3.69,1.87
10/26/2019 10:06:43 am,1.704,3.29,0.14
10/26/2019 10:06:43 am,1.705,1.99,0.34
10/26/2019 10:06:43 am,1.706,0.72,2.89
10/26/2019 10:06:43 am,1.7069999999999999,1.59,3.75
10/26/2019 10:06:43 am,1.7080000000000002,3.32,0.99
10/26/2019 10:06:43 am,1.709,3.31,-1.23
10/26/2019 10:06:43 am,1.71,2.01,0.99
10/26/2019 10:06:43 am,1.7109999999999999,1.29,3.4
10/26/2019 10:06:43 am,1.712,2.29,4.71
10/26/2019 10:06:43 am,1.713,3.93,3.0
10/26/2019 10:06:43 am,1.714,4.26,0.68
10/26/2019 10:06:43 am,1.715,3.58,2.24
10/26/2019 10:06:43 am,1.716,2.85,2.11
10/26/2019 10:06:43 am,1.7169999999999999,2.48,1.5
10/26/2019 10:06:43 am,1.7180000000000002,0.72,-0.92
10/26/2019 10:06:43 am,1.719,-0.52,-2.53
10/26/2019 10:06:43 am,1.72,-0.22,-1.06
10/26/2019 10:06:43 am,1.7209999999999999,0.27,1.22
10/26/2019 10:06:43 am,1.722,0.29,0.89
10/26/2019 10:06:43 am,1.723,1.83,0.05
10/26/2019 10:06:43 am,1.724,2.83,-0.06
10/26/2019 10:06:43 am,1.725,2.48,-0.12
10/26/2019 10:06:43 am,1.726,2.05,0.71
10/26/2019 10:06:43 am,1.7269999999999999,1.26,2.44
10/26/2019 10:06:43 am,1.7280000000000002,1.1,4.36
10/26/2019 10:06:43 am,1.729,2.32,3.2
10/26/2019 10:06:43 am,1.73,2.23,1.14
10/26/2019 10:06:43 am,1.7309999999999999,2.17,0.34
10/26/2019 10:06:43 am,1.732,0.88,0.0
10/26/2019 10:06:43 am,1.733,1.05,0.58
10/26/2019 10:06:43 am,1.734,0.69,0.69
10/26/2019 10:06:43 am,1.735,0.62,0.9
10/26/2019 10:06:43 am,1.736,1.89,0.95
10/26/2019 10:06:43 am,1.7369999999999999,2.23,2.0
10/26/2019 10:06:43 am,1.7380000000000002,3.56,3.44
10/26/2019 10:06:43 am,1.739,4.34,4.65
10/26/2019 10:06:43 am,1.74,4.88,4.55
10/26/2019 10:06:43 am,1.7409999999999999,4.85,4.44
10/26/2019 10:06:43 am,1.742,5.06,4.61
10/26/2019 10:06:43 am,1.743,4.8,5.31
10/26/2019 10:06:43 am,1.744,5.28,5.45
10/26/2019 10:06:43 am,1.745,5.69,5.21
10/26/2019 10:06:43 am,1.746,6.63,4.35
10/26/2019 10:06:43 am,1.7469999999999999,6.14,3.67
10/26/2019 10:06:43 am,1.7480000000000002,5.79,4.03
10/26/2019 10:06:43 am,1.749,4.96,4.62
10/26/2019 10:06:43 am,1.75,4.39,5.16
10/26/2019 10:06:43 am,1.751,4.69,4.34
10/26/2019 10:06:43 am,1.7519999999999998,4.99,4.29
10/26/2019 10:06:43 am,1.7530000000000001,5.15,4.51
10/26/2019 10:06:43 am,1.754,4.96,4.35
10/26/2019 10:06:43 am,1.755,4.66,3.89
10/26/2019 10:06:43 am,1.756,4.42,3.3
10/26/2019 10:06:43 am,1.757,3.5,3.0
10/26/2019 10:06:43 am,1.758,3.39,2.9
10/26/2019 10:06:43 am,1.7590000000000001,3.42,3.03
10/26/2019 10:06:43 am,1.76,4.1,3.25
10/26/2019 10:06:43 am,1.761,4.04,2.95
10/26/2019 10:06:43 am,1.7619999999999998,4.2,3.41
10/26/2019 10:06:43 am,1.7630000000000001,4.15,3.57
10/26/2019 10:06:43 am,1.764,4.07,3.78
10/26/2019 10:06:43 am,1.765,4.23,3.81
10/26/2019 10:06:43 am,1.766,4.15,3.48
10/26/2019 10:06:43 am,1.767,4.47,3.48
10/26/2019 10:06:43 am,1.768,4.07,3.29
10/26/2019 10:06:43 am,1.7690000000000001,4.04,3.19
10/26/2019 10:06:43 am,1.77,4.47,2.89
10/26/2019 10:06:43 am,1.771,3.85,3.6
10/26/2019 10:06:43 am,1.7719999999999998,3.5,2.85
10/26/2019 10:06:43 am,1.7730000000000001,3.55,2.79
10/26/2019 10:06:43 am,1.774,2.85,1.93
10/26/2019 10:06:43 am,1.775,2.88,1.12
10/26/2019 10:06:43 am,1.776,2.45,1.47
10/26/2019 10:06:43 am,1.777,2.5,1.93
10/26/2019 10:06:43 am,1.778,2.04,1.42
10/26/2019 10:06:43 am,1.7790000000000001,1.75,1.26
10/26/2019 10:06:43 am,1.78,1.75,1.12
10/26/2019 10:06:43 am,1.781,1.91,1.21
10/26/2019 10:06:43 am,1.7819999999999998,2.07,1.53
10/26/2019 10:06:43 am,1.7830000000000001,1.59,1.21
10/26/2019 10:06:43 am,1.784,2.4,1.02
10/26/2019 10:06:43 am,1.785,1.53,1.1
10/26/2019 10:06:43 am,1.786,2.56,1.43
10/26/2019 10:06:43 am,1.787,2.37,1.48
10/26/2019 10:06:43 am,1.788,2.64,1.72
10/26/2019 10:06:43 am,1.7890000000000001,2.61,1.71
10/26/2019 10:06:43 am,1.79,3.1,1.95
10/26/2019 10:06:43 am,1.791,2.99,2.25
10/26/2019 10:06:43 am,1.7919999999999998,3.21,2.22
10/26/2019 10:06:43 am,1.7930000000000001,2.96,1.66
10/26/2019 10:06:43 am,1.794,2.8,1.58
10/26/2019 10:06:43 am,1.795,2.88,1.87
10/26/2019 10:06:43 am,1.796,2.94,1.99
10/26/2019 10:06:43 am,1.797,3.26,1.93
10/26/2019 10:06:43 am,1.798,2.88,1.26
10/26/2019 10:06:43 am,1.7990000000000002,2.61,1.82
10/26/2019 10:06:43 am,1.8,2.58,1.61
10/26/2019 10:06:43 am,1.801,2.26,1.42
10/26/2019 10:06:43 am,1.8019999999999998,2.42,1.55
10/26/2019 10:06:43 am,1.8030000000000002,2.56,1.53
10/26/2019 10:06:43 am,1.804,1.83,1.09
10/26/2019 10:06:43 am,1.805,2.37,1.36
10/26/2019 10:06:43 am,1.806,2.07,1.32
10/26/2019 10:06:43 am,1.807,2.02,0.99
10/26/2019 10:06:43 am,1.808,1.67,1.37
10/26/2019 10:06:43 am,1.8090000000000002,1.91,0.99
10/26/2019 10:06:43 am,1.81,1.34,0.91
10/26/2019 10:06:43 am,1.811,2.1,0.75
10/26/2019 10:06:43 am,1.8119999999999998,1.89,0.88
10/26/2019 10:06:43 am,1.8130000000000002,1.97,0.96
10/26/2019 10:06:43 am,1.814,2.21,0.67
10/26/2019 10:06:43 am,1.815,1.94,0.59
10/26/2019 10:06:43 am,1.8159999999999998,1.99,1.13
10/26/2019 10:06:43 am,1.817,2.37,1.02
10/26/2019 10:06:43 am,1.818,2.1,1.51
10/26/2019 10:06:43 am,1.819,2.26,1.02
10/26/2019 10:06:43 am,1.82,2.37,0.94
10/26/2019 10:06:43 am,1.821,2.26,1.07
10/26/2019 10:06:43 am,1.8219999999999998,2.02,1.29
10/26/2019 10:06:43 am,1.8230000000000002,2.05,1.15
10/26/2019 10:06:43 am,1.824,2.16,1.3
10/26/2019 10:06:43 am,1.825,2.43,1.13
10/26/2019 10:06:43 am,1.8259999999999998,2.26,0.78
10/26/2019 10:06:43 am,1.827,1.83,0.78
10/26/2019 10:06:43 am,1.828,1.99,1.07
10/26/2019 10:06:43 am,1.829,1.83,1.08
10/26/2019 10:06:43 am,1.83,1.8,1.4
10/26/2019 10:06:43 am,1.831,2.21,1.05
10/26/2019 10:06:43 am,1.8319999999999999,2.21,1.54
10/26/2019 10:06:43 am,1.8330000000000002,2.34,1.61
10/26/2019 10:06:43 am,1.834,2.13,1.56
10/26/2019 10:06:43 am,1.835,2.37,1.5
10/26/2019 10:06:43 am,1.8359999999999999,2.24,1.29
10/26/2019 10:06:43 am,1.837,2.72,1.5
10/26/2019 10:06:43 am,1.838,2.96,2.12
10/26/2019 10:06:43 am,1.839,3.18,1.77
10/26/2019 10:06:43 am,1.84,2.94,2.09
10/26/2019 10:06:43 am,1.841,3.34,2.22
10/26/2019 10:06:43 am,1.8419999999999999,3.48,2.09
10/26/2019 10:06:43 am,1.8430000000000002,3.1,2.61
10/26/2019 10:06:43 am,1.844,3.83,2.79
10/26/2019 10:06:43 am,1.845,3.39,2.92
10/26/2019 10:06:43 am,1.8459999999999999,3.64,2.92
10/26/2019 10:06:43 am,1.847,4.02,2.81
10/26/2019 10:06:43 am,1.848,4.58,3.0
10/26/2019 10:06:43 am,1.849,3.91,3.52
10/26/2019 10:06:43 am,1.85,4.23,3.57
10/26/2019 10:06:43 am,1.851,4.07,3.35
10/26/2019 10:06:43 am,1.8519999999999999,3.91,3.33
10/26/2019 10:06:43 am,1.8530000000000002,3.69,3.16
10/26/2019 10:06:43 am,1.854,4.02,3.54
10/26/2019 10:06:43 am,1.855,3.83,3.3
10/26/2019 10:06:43 am,1.8559999999999999,4.1,3.14
10/26/2019 10:06:43 am,1.857,3.85,2.95
10/26/2019 10:06:43 am,1.858,4.34,3.73
10/26/2019 10:06:43 am,1.859,4.75,3.6
10/26/2019 10:06:43 am,1.86,4.31,3.81
10/26/2019 10:06:43 am,1.861,4.8,4.35
10/26/2019 10:06:43 am,1.8619999999999999,4.23,4.16
10/26/2019 10:06:43 am,1.8630000000000002,4.34,4.08
10/26/2019 10:06:43 am,1.864,4.42,4.08
10/26/2019 10:06:43 am,1.865,4.88,3.75
10/26/2019 10:06:43 am,1.8659999999999999,5.23,4.05
10/26/2019 10:06:43 am,1.867,4.8,4.59
10/26/2019 10:06:43 am,1.868,5.15,4.4
10/26/2019 10:06:43 am,1.869,5.39,4.07
10/26/2019 10:06:43 am,1.87,4.8,3.72
10/26/2019 10:06:43 am,1.871,4.42,4.07
10/26/2019 10:06:43 am,1.8719999999999999,4.64,4.02
10/26/2019 10:06:43 am,1.8730000000000002,4.72,3.29
10/26/2019 10:06:43 am,1.874,4.37,3.57
10/26/2019 10:06:43 am,1.875,4.21,3.0
10/26/2019 10:06:43 am,1.876,4.13,3.32
10/26/2019 10:06:43 am,1.8769999999999998,3.85,2.9
10/26/2019 10:06:43 am,1.8780000000000001,3.94,2.84
10/26/2019 10:06:43 am,1.879,3.56,2.28
10/26/2019 10:06:43 am,1.88,3.45,1.95
10/26/2019 10:06:43 am,1.881,2.94,2.42
10/26/2019 10:06:43 am,1.882,2.86,1.76
10/26/2019 10:06:43 am,1.883,3.15,1.85
10/26/2019 10:06:43 am,1.8840000000000001,2.8,1.87
10/26/2019 10:06:43 am,1.885,2.88,1.01
10/26/2019 10:06:43 am,1.886,2.48,1.06
10/26/2019 10:06:43 am,1.8869999999999998,2.61,1.6
10/26/2019 10:06:43 am,1.8880000000000001,2.99,1.69
10/26/2019 10:06:43 am,1.889,2.16,1.33
10/26/2019 10:06:43 am,1.89,3.05,1.17
10/26/2019 10:06:43 am,1.891,2.89,1.39
10/26/2019 10:06:43 am,1.892,2.61,0.96
10/26/2019 10:06:43 am,1.893,2.43,1.04
10/26/2019 10:06:43 am,1.8940000000000001,2.18,0.66
10/26/2019 10:06:43 am,1.895,2.51,0.41
10/26/2019 10:06:43 am,1.896,2.94,0.99
10/26/2019 10:06:43 am,1.8969999999999998,2.32,0.85
10/26/2019 10:06:43 am,1.8980000000000001,1.91,0.56
10/26/2019 10:06:43 am,1.899,2.45,0.5
10/26/2019 10:06:43 am,1.9,2.18,1.23
10/26/2019 10:06:43 am,1.901,2.32,0.63
10/26/2019 10:06:43 am,1.902,1.45,0.64
10/26/2019 10:06:43 am,1.903,2.27,0.58
10/26/2019 10:06:43 am,1.9040000000000001,2.24,1.09
10/26/2019 10:06:43 am,1.905,2.4,1.28
10/26/2019 10:06:43 am,1.906,2.29,1.39
10/26/2019 10:06:43 am,1.9069999999999998,1.97,0.96
10/26/2019 10:06:43 am,1.9080000000000001,2.02,0.61
10/26/2019 10:06:43 am,1.909,2.0,0.91
10/26/2019 10:06:43 am,1.91,2.05,0.85
10/26/2019 10:06:43 am,1.911,2.27,0.9
10/26/2019 10:06:43 am,1.912,2.7,0.96
10/26/2019 10:06:43 am,1.913,2.78,0.93
10/26/2019 10:06:43 am,1.9140000000000001,2.94,0.88
10/26/2019 10:06:43 am,1.915,2.67,0.69
10/26/2019 10:06:43 am,1.916,2.67,1.74
10/26/2019 10:06:43 am,1.9169999999999998,2.7,1.18
10/26/2019 10:06:43 am,1.9180000000000001,2.64,1.44
10/26/2019 10:06:43 am,1.919,2.34,1.22
10/26/2019 10:06:43 am,1.92,2.67,0.76
10/26/2019 10:06:43 am,1.921,2.45,0.57
10/26/2019 10:06:43 am,1.922,2.75,1.12
10/26/2019 10:06:43 am,1.923,2.53,1.42
10/26/2019 10:06:43 am,1.9240000000000002,2.83,1.25
10/26/2019 10:06:43 am,1.925,2.72,1.2
10/26/2019 10:06:43 am,1.926,2.7,1.41
10/26/2019 10:06:43 am,1.9269999999999998,2.8,0.88
10/26/2019 10:06:43 am,1.9280000000000002,2.56,1.28
10/26/2019 10:06:43 am,1.929,2.1,0.82
10/26/2019 10:06:43 am,1.93,2.51,1.2
10/26/2019 10:06:43 am,1.931,1.89,0.82
10/26/2019 10:06:43 am,1.932,2.24,1.15
10/26/2019 10:06:43 am,1.933,2.07,0.93
10/26/2019 10:06:43 am,1.9340000000000002,2.86,0.79
10/26/2019 10:06:43 am,1.935,2.37,0.99
10/26/2019 10:06:43 am,1.936,2.35,0.96
10/26/2019 10:06:43 am,1.9369999999999998,2.21,1.04
10/26/2019 10:06:43 am,1.9380000000000002,2.7,0.93
10/26/2019 10:06:43 am,1.939,3.07,1.77
10/26/2019 10:06:43 am,1.94,2.62,1.25
10/26/2019 10:06:43 am,1.9409999999999998,2.64,1.39
10/26/2019 10:06:43 am,1.942,2.83,0.95
10/26/2019 10:06:43 am,1.943,2.94,1.41
10/26/2019 10:06:43 am,1.944,2.42,1.08
10/26/2019 10:06:43 am,1.945,2.78,1.36
10/26/2019 10:06:43 am,1.946,2.99,1.82
10/26/2019 10:06:43 am,1.9469999999999998,2.78,1.73
10/26/2019 10:06:43 am,1.9480000000000002,3.18,1.51
10/26/2019 10:06:43 am,1.949,3.51,1.22
10/26/2019 10:06:43 am,1.95,2.64,1.68
10/26/2019 10:06:43 am,1.9509999999999998,2.91,1.65
10/26/2019 10:06:43 am,1.952,3.4,1.79
10/26/2019 10:06:43 am,1.953,3.02,1.6
10/26/2019 10:06:43 am,1.954,3.32,1.84
10/26/2019 10:06:43 am,1.955,3.26,1.81
10/26/2019 10:06:43 am,1.956,3.31,1.79
10/26/2019 10:06:43 am,1.9569999999999999,3.45,1.92
10/26/2019 10:06:43 am,1.9580000000000002,3.45,2.33
10/26/2019 10:06:43 am,1.959,3.42,1.76
10/26/2019 10:06:43 am,1.96,3.48,2.16
10/26/2019 10:06:43 am,1.9609999999999999,3.02,2.22
10/26/2019 10:06:43 am,1.962,3.67,2.19
10/26/2019 10:06:43 am,1.963,3.8,2.4
10/26/2019 10:06:43 am,1.964,3.69,2.54
10/26/2019 10:06:43 am,1.965,3.8,2.84
10/26/2019 10:06:43 am,1.966,4.1,2.73
10/26/2019 10:06:43 am,1.9669999999999999,3.96,2.64
10/26/2019 10:06:43 am,1.9680000000000002,3.83,2.48
10/26/2019 10:06:43 am,1.969,3.64,3.24
10/26/2019 10:06:43 am,1.97,4.42,2.83
10/26/2019 10:06:43 am,1.9709999999999999,3.69,2.35
10/26/2019 10:06:43 am,1.972,4.26,3.02
10/26/2019 10:06:43 am,1.973,4.53,3.05
10/26/2019 10:06:43 am,1.974,4.26,2.89
10/26/2019 10:06:43 am,1.975,4.5,2.96
10/26/2019 10:06:43 am,1.976,4.26,2.67
10/26/2019 10:06:43 am,1.9769999999999999,3.77,2.34
10/26/2019 10:06:43 am,1.9780000000000002,3.75,2.94
10/26/2019 10:06:43 am,1.979,4.04,2.89
10/26/2019 10:06:43 am,1.98,3.8,2.18
10/26/2019 10:06:43 am,1.9809999999999999,4.02,2.67
10/26/2019 10:06:43 am,1.982,3.91,2.37
10/26/2019 10:06:43 am,1.983,3.64,2.73
10/26/2019 10:06:43 am,1.984,3.8,2.35
10/26/2019 10:06:43 am,1.985,3.59,2.26
10/26/2019 10:06:43 am,1.986,3.72,1.73
10/26/2019 10:06:43 am,1.9869999999999999,3.75,2.0
10/26/2019 10:06:43 am,1.9880000000000002,3.61,2.16
10/26/2019 10:06:43 am,1.989,3.4,2.1
10/26/2019 10:06:43 am,1.99,3.29,2.24
10/26/2019 10:06:43 am,1.9909999999999999,3.4,2.24
10/26/2019 10:06:43 am,1.992,3.83,1.62
10/26/2019 10:06:43 am,1.993,3.18,1.7
10/26/2019 10:06:43 am,1.994,3.02,1.84
10/26/2019 10:06:43 am,1.995,2.91,1.67
10/26/2019 10:06:43 am,1.996,3.45,1.8
10/26/2019 10:06:43 am,1.9969999999999999,3.4,1.78
10/26/2019 10:06:43 am,1.9980000000000002,2.99,1.19
10/26/2019 10:06:43 am,1.999,3.24,1.03
10/26/2019 10:06:44 am,2.0,3.1,1.08
10/26/2019 10:06:44 am,2.001,2.97,0.87
10/26/2019 10:06:44 am,2.002,2.99,1.57
10/26/2019 10:06:44 am,2.003,2.72,0.89
10/26/2019 10:06:44 am,2.004,2.75,0.95
10/26/2019 10:06:44 am,2.005,2.72,0.7
10/26/2019 10:06:44 am,2.006,2.86,1.14
10/26/2019 10:06:44 am,2.0069999999999997,2.59,0.6
10/26/2019 10:06:44 am,2.008,2.8,0.98
10/26/2019 10:06:44 am,2.009,2.72,1.01
10/26/2019 10:06:44 am,2.01,2.53,0.57
10/26/2019 10:06:44 am,2.011,2.67,0.38
10/26/2019 10:06:44 am,2.012,2.7,0.82
10/26/2019 10:06:44 am,2.013,2.56,0.6
10/26/2019 10:06:44 am,2.0140000000000002,2.59,1.01
10/26/2019 10:06:44 am,2.015,2.78,1.14
10/26/2019 10:06:44 am,2.016,2.43,0.6
10/26/2019 10:06:44 am,2.017,2.59,0.49
10/26/2019 10:06:44 am,2.0180000000000002,2.32,0.85
10/26/2019 10:06:44 am,2.019,2.59,0.81
10/26/2019 10:06:44 am,2.02,2.56,0.84
10/26/2019 10:06:44 am,2.021,2.21,0.85
10/26/2019 10:06:44 am,2.022,2.51,0.84
10/26/2019 10:06:44 am,2.023,2.75,0.6
10/26/2019 10:06:44 am,2.024,2.29,0.44
10/26/2019 10:06:44 am,2.025,2.72,0.3
10/26/2019 10:06:44 am,2.026,2.43,0.95
10/26/2019 10:06:44 am,2.0269999999999997,2.59,1.03
10/26/2019 10:06:44 am,2.028,2.24,0.9
10/26/2019 10:06:44 am,2.029,2.51,0.3
10/26/2019 10:06:44 am,2.03,2.67,0.63
10/26/2019 10:06:44 am,2.031,2.05,0.63
10/26/2019 10:06:44 am,2.032,2.02,0.68
10/26/2019 10:06:44 am,2.033,2.1,0.55
10/26/2019 10:06:44 am,2.0340000000000003,2.59,0.92
10/26/2019 10:06:44 am,2.035,2.64,1.09
10/26/2019 10:06:44 am,2.036,2.37,0.49
10/26/2019 10:06:44 am,2.037,2.18,0.76
10/26/2019 10:06:44 am,2.0380000000000003,2.62,0.22
10/26/2019 10:06:44 am,2.039,2.4,1.14
10/26/2019 10:06:44 am,2.04,2.29,0.78
10/26/2019 10:06:44 am,2.041,2.83,0.79
10/26/2019 10:06:44 am,2.042,2.4,1.12
10/26/2019 10:06:44 am,2.043,2.67,0.92
10/26/2019 10:06:44 am,2.044,3.05,0.73
10/26/2019 10:06:44 am,2.045,3.18,1.16
10/26/2019 10:06:44 am,2.046,2.67,0.35
10/26/2019 10:06:44 am,2.0469999999999997,2.72,0.97
10/26/2019 10:06:44 am,2.048,2.91,0.89
10/26/2019 10:06:44 am,2.049,3.02,0.95
10/26/2019 10:06:44 am,2.05,2.89,1.11
10/26/2019 10:06:44 am,2.051,2.8,0.92
10/26/2019 10:06:44 am,2.052,3.13,0.92
10/26/2019 10:06:44 am,2.053,3.02,1.08
10/26/2019 10:06:44 am,2.0540000000000003,2.7,1.41
10/26/2019 10:06:44 am,2.055,3.05,1.05
10/26/2019 10:06:44 am,2.056,2.94,1.27
10/26/2019 10:06:44 am,2.057,3.34,1.19
10/26/2019 10:06:44 am,2.0580000000000003,3.1,1.11
10/26/2019 10:06:44 am,2.059,3.29,1.35
10/26/2019 10:06:44 am,2.06,3.29,1.35
10/26/2019 10:06:44 am,2.061,3.34,1.73
10/26/2019 10:06:44 am,2.062,2.91,0.83
10/26/2019 10:06:44 am,2.063,3.43,1.21
10/26/2019 10:06:44 am,2.064,3.24,1.75
10/26/2019 10:06:44 am,2.065,3.13,1.57
10/26/2019 10:06:44 am,2.066,3.51,1.54
10/26/2019 10:06:44 am,2.0669999999999997,3.56,1.32
10/26/2019 10:06:44 am,2.068,3.88,1.59
10/26/2019 10:06:44 am,2.069,3.75,1.02
10/26/2019 10:06:44 am,2.07,3.99,1.78
10/26/2019 10:06:44 am,2.0709999999999997,3.37,1.4
10/26/2019 10:06:44 am,2.072,3.86,2.42
10/26/2019 10:06:44 am,2.073,3.59,1.75
10/26/2019 10:06:44 am,2.074,3.83,2.04
10/26/2019 10:06:44 am,2.075,3.91,1.88
10/26/2019 10:06:44 am,2.076,3.86,1.96
10/26/2019 10:06:44 am,2.077,3.64,1.83
10/26/2019 10:06:44 am,2.0780000000000003,3.53,2.05
10/26/2019 10:06:44 am,2.079,3.89,1.85
10/26/2019 10:06:44 am,2.08,4.18,2.04
10/26/2019 10:06:44 am,2.081,3.37,1.8
10/26/2019 10:06:44 am,2.082,3.5,2.29
10/26/2019 10:06:44 am,2.083,3.94,2.07
10/26/2019 10:06:44 am,2.084,3.96,1.78
10/26/2019 10:06:44 am,2.085,3.5,1.96
10/26/2019 10:06:44 am,2.086,3.94,1.42
10/26/2019 10:06:44 am,2.0869999999999997,3.88,1.89
10/26/2019 10:06:44 am,2.088,3.89,2.13
10/26/2019 10:06:44 am,2.089,3.56,1.72
10/26/2019 10:06:44 am,2.09,3.91,1.56
10/26/2019 10:06:44 am,2.0909999999999997,3.78,1.37
10/26/2019 10:06:44 am,2.092,4.05,1.83
10/26/2019 10:06:44 am,2.093,3.4,1.99
10/26/2019 10:06:44 am,2.094,3.05,1.61
10/26/2019 10:06:44 am,2.095,3.59,1.59
10/26/2019 10:06:44 am,2.096,4.02,1.72
10/26/2019 10:06:44 am,2.097,3.88,1.83
10/26/2019 10:06:44 am,2.0980000000000003,3.64,1.83
10/26/2019 10:06:44 am,2.099,3.8,1.4
10/26/2019 10:06:44 am,2.1,3.42,1.32
10/26/2019 10:06:44 am,2.101,3.18,1.05
10/26/2019 10:06:44 am,2.102,3.1,1.15
10/26/2019 10:06:44 am,2.103,3.48,1.16
10/26/2019 10:06:44 am,2.104,3.51,1.38
10/26/2019 10:06:44 am,2.105,3.75,1.29
10/26/2019 10:06:44 am,2.106,3.54,0.77
10/26/2019 10:06:44 am,2.1069999999999998,2.99,1.43
10/26/2019 10:06:44 am,2.108,3.37,0.97
10/26/2019 10:06:44 am,2.109,3.18,0.97
10/26/2019 10:06:44 am,2.11,3.08,1.0
10/26/2019 10:06:44 am,2.1109999999999998,2.91,0.75
10/26/2019 10:06:44 am,2.112,3.02,1.08
10/26/2019 10:06:44 am,2.113,2.67,0.8
10/26/2019 10:06:44 am,2.114,3.27,0.16
10/26/2019 10:06:44 am,2.115,3.45,1.1
10/26/2019 10:06:44 am,2.116,2.64,0.59
10/26/2019 10:06:44 am,2.117,3.05,0.78
10/26/2019 10:06:44 am,2.1180000000000003,2.27,0.84
10/26/2019 10:06:44 am,2.119,2.45,0.73
10/26/2019 10:06:44 am,2.12,2.51,0.41
10/26/2019 10:06:44 am,2.121,2.78,0.05
10/26/2019 10:06:44 am,2.122,3.16,0.14
10/26/2019 10:06:44 am,2.123,2.7,0.62
10/26/2019 10:06:44 am,2.124,3.02,0.08
10/26/2019 10:06:44 am,2.125,2.78,0.4
10/26/2019 10:06:44 am,2.126,3.18,0.78
10/26/2019 10:06:44 am,2.127,2.48,0.38
10/26/2019 10:06:44 am,2.128,2.72,0.05
10/26/2019 10:06:44 am,2.129,2.86,0.37
10/26/2019 10:06:44 am,2.13,2.75,1.0
10/26/2019 10:06:44 am,2.131,2.67,0.16
10/26/2019 10:06:44 am,2.1319999999999997,2.43,0.49
10/26/2019 10:06:44 am,2.133,2.83,0.14
10/26/2019 10:06:44 am,2.134,2.73,0.38
10/26/2019 10:06:44 am,2.135,2.48,0.16
10/26/2019 10:06:44 am,2.136,2.91,0.21
10/26/2019 10:06:44 am,2.137,2.02,0.48
10/26/2019 10:06:44 am,2.138,2.29,0.27
10/26/2019 10:06:44 am,2.1390000000000002,2.56,0.24
10/26/2019 10:06:44 am,2.14,2.43,0.02
10/26/2019 10:06:44 am,2.141,2.7,-0.05
10/26/2019 10:06:44 am,2.142,2.94,0.43
10/26/2019 10:06:44 am,2.1430000000000002,2.62,0.62
10/26/2019 10:06:44 am,2.144,2.45,0.78
10/26/2019 10:06:44 am,2.145,2.89,0.43
10/26/2019 10:06:44 am,2.146,2.91,0.51
10/26/2019 10:06:44 am,2.147,2.7,0.89
10/26/2019 10:06:44 am,2.148,3.1,0.43
10/26/2019 10:06:44 am,2.149,2.97,0.64
10/26/2019 10:06:44 am,2.15,2.75,0.51
10/26/2019 10:06:44 am,2.151,2.83,0.38
10/26/2019 10:06:44 am,2.1519999999999997,2.43,0.84
10/26/2019 10:06:44 am,2.153,2.97,0.81
10/26/2019 10:06:44 am,2.154,2.81,0.43
10/26/2019 10:06:44 am,2.155,2.81,0.4
10/26/2019 10:06:44 am,2.156,2.89,0.67
10/26/2019 10:06:44 am,2.157,2.94,0.32
10/26/2019 10:06:44 am,2.158,2.91,0.7
10/26/2019 10:06:44 am,2.1590000000000003,3.1,0.4
10/26/2019 10:06:44 am,2.16,2.94,0.83
10/26/2019 10:06:44 am,2.161,3.1,0.83
10/26/2019 10:06:44 am,2.162,3.05,0.59
10/26/2019 10:06:44 am,2.1630000000000003,3.1,0.45
10/26/2019 10:06:44 am,2.164,3.4,0.83
10/26/2019 10:06:44 am,2.165,2.97,0.48
10/26/2019 10:06:44 am,2.166,3.16,0.81
10/26/2019 10:06:44 am,2.167,2.91,1.21
10/26/2019 10:06:44 am,2.168,3.1,0.43
10/26/2019 10:06:44 am,2.169,3.1,0.97
10/26/2019 10:06:44 am,2.17,3.16,1.12
10/26/2019 10:06:44 am,2.171,3.32,0.89
10/26/2019 10:06:44 am,2.1719999999999997,3.21,1.45
10/26/2019 10:06:44 am,2.173,3.16,1.07
10/26/2019 10:06:44 am,2.174,3.51,0.85
10/26/2019 10:06:44 am,2.175,3.15,0.72
10/26/2019 10:06:44 am,2.176,3.43,0.88
10/26/2019 10:06:44 am,2.177,3.35,1.23
10/26/2019 10:06:44 am,2.178,3.21,0.99
10/26/2019 10:06:44 am,2.1790000000000003,3.29,0.83
10/26/2019 10:06:44 am,2.18,3.21,1.26
10/26/2019 10:06:44 am,2.181,3.48,1.25
10/26/2019 10:06:44 am,2.182,3.67,0.99
10/26/2019 10:06:44 am,2.1830000000000003,3.69,1.07
10/26/2019 10:06:44 am,2.184,4.1,1.42
10/26/2019 10:06:44 am,2.185,3.94,1.45
10/26/2019 10:06:44 am,2.186,3.53,1.34
10/26/2019 10:06:44 am,2.187,3.51,1.28
10/26/2019 10:06:44 am,2.188,3.59,1.1
10/26/2019 10:06:44 am,2.189,3.78,1.29
10/26/2019 10:06:44 am,2.19,3.78,1.72
10/26/2019 10:06:44 am,2.191,3.75,1.34
10/26/2019 10:06:44 am,2.1919999999999997,3.18,1.21
10/26/2019 10:06:44 am,2.193,3.78,1.37
10/26/2019 10:06:44 am,2.194,3.72,1.53
10/26/2019 10:06:44 am,2.195,3.43,1.45
10/26/2019 10:06:44 am,2.1959999999999997,3.7,1.34
10/26/2019 10:06:44 am,2.197,3.56,1.37
10/26/2019 10:06:44 am,2.198,3.51,1.91
10/26/2019 10:06:44 am,2.199,3.4,0.8
10/26/2019 10:06:44 am,2.2,3.83,1.26
10/26/2019 10:06:44 am,2.201,3.83,0.88
10/26/2019 10:06:44 am,2.202,3.48,1.1
10/26/2019 10:06:44 am,2.2030000000000003,3.29,1.5
10/26/2019 10:06:44 am,2.204,3.53,0.55
10/26/2019 10:06:44 am,2.205,3.42,1.02
10/26/2019 10:06:44 am,2.206,3.61,1.23
10/26/2019 10:06:44 am,2.207,3.37,0.77
10/26/2019 10:06:44 am,2.208,3.91,1.18
10/26/2019 10:06:44 am,2.209,3.32,0.96
10/26/2019 10:06:44 am,2.21,3.02,1.34
10/26/2019 10:06:44 am,2.211,3.16,0.99
10/26/2019 10:06:44 am,2.2119999999999997,2.94,0.53
10/26/2019 10:06:44 am,2.213,3.29,0.67
10/26/2019 10:06:44 am,2.214,3.4,1.08
10/26/2019 10:06:44 am,2.215,2.62,1.08
10/26/2019 10:06:44 am,2.2159999999999997,3.23,1.21
10/26/2019 10:06:44 am,2.217,3.35,0.97
10/26/2019 10:06:44 am,2.218,2.89,0.86
10/26/2019 10:06:44 am,2.219,3.05,0.88
10/26/2019 10:06:44 am,2.22,3.81,0.78
10/26/2019 10:06:44 am,2.221,2.7,0.83
10/26/2019 10:06:44 am,2.222,3.18,0.72
10/26/2019 10:06:44 am,2.2230000000000003,2.86,0.37
10/26/2019 10:06:44 am,2.224,2.35,0.61
10/26/2019 10:06:44 am,2.225,2.73,0.53
10/26/2019 10:06:44 am,2.226,3.0,0.83
10/26/2019 10:06:44 am,2.227,3.13,0.3
10/26/2019 10:06:44 am,2.228,2.83,0.7
10/26/2019 10:06:44 am,2.229,3.16,0.4
10/26/2019 10:06:44 am,2.23,2.56,0.19
10/26/2019 10:06:44 am,2.231,2.92,0.59
10/26/2019 10:06:44 am,2.2319999999999998,2.72,0.21
10/26/2019 10:06:44 am,2.233,2.67,0.37
10/26/2019 10:06:44 am,2.234,2.67,0.38
10/26/2019 10:06:44 am,2.235,2.48,0.35
10/26/2019 10:06:44 am,2.2359999999999998,3.16,0.27
10/26/2019 10:06:44 am,2.237,2.62,0.05
10/26/2019 10:06:44 am,2.238,2.86,0.27
10/26/2019 10:06:44 am,2.239,3.43,0.4
10/26/2019 10:06:44 am,2.24,2.67,-0.03
10/26/2019 10:06:44 am,2.241,2.75,0.14
10/26/2019 10:06:44 am,2.242,2.62,-0.19
10/26/2019 10:06:44 am,2.2430000000000003,2.46,-0.43
10/26/2019 10:06:44 am,2.244,2.62,0.29
10/26/2019 10:06:44 am,2.245,2.78,0.1
10/26/2019 10:06:44 am,2.246,2.16,-0.03
10/26/2019 10:06:44 am,2.247,3.05,-0.11
10/26/2019 10:06:44 am,2.248,2.91,0.1
10/26/2019 10:06:44 am,2.249,2.86,0.24
10/26/2019 10:06:44 am,2.25,2.89,0.27
10/26/2019 10:06:44 am,2.251,2.92,0.02
10/26/2019 10:06:44 am,2.252,3.05,0.02
10/26/2019 10:06:44 am,2.253,2.86,0.13
10/26/2019 10:06:44 am,2.254,2.35,-0.01
10/26/2019 10:06:44 am,2.255,2.43,0.37
10/26/2019 10:06:44 am,2.256,3.24,0.48
10/26/2019 10:06:44 am,2.2569999999999997,3.05,0.7
10/26/2019 10:06:44 am,2.258,2.64,0.35
10/26/2019 10:06:44 am,2.259,2.56,0.0
10/26/2019 10:06:44 am,2.26,2.54,0.43
10/26/2019 10:06:44 am,2.261,3.16,0.43
10/26/2019 10:06:44 am,2.262,2.75,0.13
10/26/2019 10:06:44 am,2.263,2.56,0.56
10/26/2019 10:06:44 am,2.2640000000000002,3.13,0.48
10/26/2019 10:06:44 am,2.265,3.19,0.05
10/26/2019 10:06:44 am,2.266,3.21,0.4
10/26/2019 10:06:44 am,2.267,2.8,0.27
10/26/2019 10:06:44 am,2.2680000000000002,2.89,0.86
10/26/2019 10:06:44 am,2.269,3.08,0.35
10/26/2019 10:06:44 am,2.27,3.43,0.02
10/26/2019 10:06:44 am,2.271,3.67,0.94
10/26/2019 10:06:44 am,2.272,3.4,0.18
10/26/2019 10:06:44 am,2.273,2.94,0.53
10/26/2019 10:06:44 am,2.274,2.97,0.86
10/26/2019 10:06:44 am,2.275,3.21,0.67
10/26/2019 10:06:44 am,2.276,3.05,0.42
10/26/2019 10:06:44 am,2.2769999999999997,3.45,0.02
10/26/2019 10:06:44 am,2.278,3.4,0.43
10/26/2019 10:06:44 am,2.279,3.02,0.43
10/26/2019 10:06:44 am,2.28,3.21,0.51
10/26/2019 10:06:44 am,2.281,3.29,0.53
10/26/2019 10:06:44 am,2.282,3.13,0.07
10/26/2019 10:06:44 am,2.283,3.43,0.18
10/26/2019 10:06:44 am,2.2840000000000003,3.56,0.32
10/26/2019 10:06:44 am,2.285,3.1,-0.07
10/26/2019 10:06:44 am,2.286,3.1,0.7
10/26/2019 10:06:44 am,2.287,3.24,0.58
10/26/2019 10:06:44 am,2.2880000000000003,3.45,0.02
10/26/2019 10:06:44 am,2.289,3.7,0.1
10/26/2019 10:06:44 am,2.29,3.53,0.21
10/26/2019 10:06:44 am,2.291,2.8,0.34
10/26/2019 10:06:44 am,2.292,3.18,0.64
10/26/2019 10:06:44 am,2.293,3.21,0.56
10/26/2019 10:06:44 am,2.294,3.24,0.58
10/26/2019 10:06:44 am,2.295,3.32,1.02
10/26/2019 10:06:44 am,2.296,3.34,0.56
10/26/2019 10:06:44 am,2.2969999999999997,3.86,0.7
10/26/2019 10:06:44 am,2.298,3.8,0.61
10/26/2019 10:06:44 am,2.299,3.21,0.96
10/26/2019 10:06:44 am,2.3,3.72,0.7
10/26/2019 10:06:44 am,2.301,3.45,1.13
10/26/2019 10:06:44 am,2.302,3.7,1.13
10/26/2019 10:06:44 am,2.303,3.67,1.27
10/26/2019 10:06:44 am,2.3040000000000003,4.29,0.97
10/26/2019 10:06:44 am,2.305,3.13,0.83
10/26/2019 10:06:44 am,2.306,3.75,0.94
10/26/2019 10:06:44 am,2.307,3.56,1.19
10/26/2019 10:06:44 am,2.3080000000000003,3.8,0.72
10/26/2019 10:06:44 am,2.309,3.48,0.91
10/26/2019 10:06:44 am,2.31,3.18,0.99
10/26/2019 10:06:44 am,2.311,3.45,1.1
10/26/2019 10:06:44 am,2.312,3.43,1.05
10/26/2019 10:06:44 am,2.313,3.43,1.18
10/26/2019 10:06:44 am,2.314,3.1,1.08
10/26/2019 10:06:44 am,2.315,3.67,0.65
10/26/2019 10:06:44 am,2.316,3.59,0.92
10/26/2019 10:06:44 am,2.3169999999999997,3.32,0.97
10/26/2019 10:06:44 am,2.318,3.83,1.16
10/26/2019 10:06:44 am,2.319,3.13,1.16
10/26/2019 10:06:44 am,2.32,3.45,0.89
10/26/2019 10:06:44 am,2.3209999999999997,3.32,1.25
10/26/2019 10:06:44 am,2.322,3.48,1.27
10/26/2019 10:06:44 am,2.323,3.62,1.13
10/26/2019 10:06:44 am,2.324,3.35,1.22
10/26/2019 10:06:44 am,2.325,3.37,1.19
10/26/2019 10:06:44 am,2.326,3.54,1.14
10/26/2019 10:06:44 am,2.327,3.4,1.14
10/26/2019 10:06:44 am,2.3280000000000003,3.1,1.35
10/26/2019 10:06:44 am,2.329,3.51,0.84
10/26/2019 10:06:44 am,2.33,3.08,1.08
10/26/2019 10:06:44 am,2.331,3.26,1.06
10/26/2019 10:06:44 am,2.332,3.27,1.27
10/26/2019 10:06:44 am,2.333,2.64,1.19
10/26/2019 10:06:44 am,2.334,2.78,1.63
10/26/2019 10:06:44 am,2.335,2.62,0.93
10/26/2019 10:06:44 am,2.336,3.1,0.87
10/26/2019 10:06:44 am,2.3369999999999997,2.86,1.58
10/26/2019 10:06:44 am,2.338,2.64,0.95
10/26/2019 10:06:44 am,2.339,2.78,0.87
10/26/2019 10:06:44 am,2.34,3.0,0.76
10/26/2019 10:06:44 am,2.3409999999999997,3.1,1.55
10/26/2019 10:06:44 am,2.342,3.1,1.31
10/26/2019 10:06:44 am,2.343,3.0,0.82
10/26/2019 10:06:44 am,2.344,3.16,1.17
10/26/2019 10:06:44 am,2.345,2.89,0.84
10/26/2019 10:06:44 am,2.346,2.73,0.95
10/26/2019 10:06:44 am,2.347,2.91,1.09
10/26/2019 10:06:44 am,2.3480000000000003,2.89,0.71
10/26/2019 10:06:44 am,2.349,2.46,0.68
10/26/2019 10:06:44 am,2.35,2.78,1.01
10/26/2019 10:06:44 am,2.351,2.56,0.39
10/26/2019 10:06:44 am,2.352,2.86,0.91
10/26/2019 10:06:44 am,2.353,2.08,1.06
10/26/2019 10:06:44 am,2.354,3.05,1.17
10/26/2019 10:06:44 am,2.355,2.91,0.87
10/26/2019 10:06:44 am,2.356,3.08,1.09
10/26/2019 10:06:44 am,2.3569999999999998,2.83,0.79
10/26/2019 10:06:44 am,2.358,2.08,0.93
10/26/2019 10:06:44 am,2.359,2.51,0.71
10/26/2019 10:06:44 am,2.36,2.16,0.47
10/26/2019 10:06:44 am,2.3609999999999998,1.89,0.51
10/26/2019 10:06:44 am,2.362,1.75,0.62
10/26/2019 10:06:44 am,2.363,1.86,-0.19
10/26/2019 10:06:44 am,2.364,2.0,0.86
10/26/2019 10:06:44 am,2.365,2.21,0.86
10/26/2019 10:06:44 am,2.366,2.83,1.63
10/26/2019 10:06:44 am,2.367,3.18,2.17
10/26/2019 10:06:44 am,2.3680000000000003,3.4,1.92
10/26/2019 10:06:44 am,2.369,3.8,2.24
10/26/2019 10:06:44 am,2.37,3.7,2.48
10/26/2019 10:06:44 am,2.371,3.86,2.22
10/26/2019 10:06:44 am,2.372,3.32,1.76
10/26/2019 10:06:44 am,2.373,3.18,1.89
10/26/2019 10:06:44 am,2.374,3.1,1.69
10/26/2019 10:06:44 am,2.375,3.56,1.18
10/26/2019 10:06:44 am,2.376,3.21,1.21
10/26/2019 10:06:44 am,2.377,3.72,1.13
10/26/2019 10:06:44 am,2.378,3.48,1.18
10/26/2019 10:06:44 am,2.379,3.4,1.39
10/26/2019 10:06:44 am,2.38,3.72,2.04
10/26/2019 10:06:44 am,2.381,3.29,1.81
10/26/2019 10:06:44 am,2.3819999999999997,3.05,2.05
10/26/2019 10:06:44 am,2.383,3.45,2.02
10/26/2019 10:06:44 am,2.384,2.59,1.94
10/26/2019 10:06:44 am,2.385,2.81,1.84
10/26/2019 10:06:44 am,2.386,2.54,1.55
10/26/2019 10:06:44 am,2.387,2.24,1.09
10/26/2019 10:06:44 am,2.388,2.46,0.72
10/26/2019 10:06:44 am,2.3890000000000002,2.59,0.56
10/26/2019 10:06:44 am,2.39,2.46,0.38
10/26/2019 10:06:44 am,2.391,2.29,0.76
10/26/2019 10:06:44 am,2.392,3.05,1.34
10/26/2019 10:06:44 am,2.3930000000000002,2.97,1.71
10/26/2019 10:06:44 am,2.394,3.67,1.92
10/26/2019 10:06:44 am,2.395,3.32,2.65
10/26/2019 10:06:44 am,2.396,3.91,2.7
10/26/2019 10:06:44 am,2.397,4.16,2.75
10/26/2019 10:06:44 am,2.398,3.67,2.62
10/26/2019 10:06:44 am,2.399,3.7,2.56
10/26/2019 10:06:44 am,2.4,3.59,2.46
10/26/2019 10:06:44 am,2.401,4.02,2.06
10/26/2019 10:06:44 am,2.4019999999999997,3.83,2.58
10/26/2019 10:06:44 am,2.403,3.21,1.76
10/26/2019 10:06:44 am,2.404,3.75,1.79
10/26/2019 10:06:44 am,2.405,3.64,1.93
10/26/2019 10:06:44 am,2.406,3.32,1.96
10/26/2019 10:06:44 am,2.407,3.59,2.17
10/26/2019 10:06:44 am,2.408,3.43,1.79
10/26/2019 10:06:44 am,2.4090000000000003,3.35,1.68
10/26/2019 10:06:44 am,2.41,3.35,2.16
10/26/2019 10:06:44 am,2.411,3.24,2.11
10/26/2019 10:06:44 am,2.412,3.32,1.55
10/26/2019 10:06:44 am,2.4130000000000003,4.05,1.41
10/26/2019 10:06:44 am,2.414,3.13,1.25
10/26/2019 10:06:44 am,2.415,3.4,1.29
10/26/2019 10:06:44 am,2.416,3.05,0.96
10/26/2019 10:06:44 am,2.417,2.91,1.17
10/26/2019 10:06:44 am,2.418,2.97,1.28
10/26/2019 10:06:44 am,2.419,2.94,1.47
10/26/2019 10:06:44 am,2.42,3.4,1.66
10/26/2019 10:06:44 am,2.421,2.86,1.47
10/26/2019 10:06:44 am,2.4219999999999997,3.16,1.25
10/26/2019 10:06:44 am,2.423,3.4,1.49
10/26/2019 10:06:44 am,2.424,3.51,1.52
10/26/2019 10:06:44 am,2.425,3.91,1.76
10/26/2019 10:06:44 am,2.426,3.48,2.06
10/26/2019 10:06:44 am,2.427,3.21,1.84
10/26/2019 10:06:44 am,2.428,3.56,2.25
10/26/2019 10:06:44 am,2.4290000000000003,4.24,2.44
10/26/2019 10:06:44 am,2.43,3.64,2.17
10/26/2019 10:06:44 am,2.431,3.56,1.79
10/26/2019 10:06:44 am,2.432,4.02,2.25
10/26/2019 10:06:44 am,2.4330000000000003,3.56,2.01
10/26/2019 10:06:44 am,2.434,3.7,2.22
10/26/2019 10:06:44 am,2.435,3.27,1.84
10/26/2019 10:06:44 am,2.436,3.64,2.17
10/26/2019 10:06:44 am,2.437,3.27,1.98
10/26/2019 10:06:44 am,2.438,3.21,2.0
10/26/2019 10:06:44 am,2.439,3.27,2.44
10/26/2019 10:06:44 am,2.44,3.43,1.57
10/26/2019 10:06:44 am,2.441,3.24,1.63
10/26/2019 10:06:44 am,2.4419999999999997,2.4,1.55
10/26/2019 10:06:44 am,2.443,2.75,1.74
10/26/2019 10:06:44 am,2.444,3.24,1.71
10/26/2019 10:06:44 am,2.445,3.24,1.5
10/26/2019 10:06:44 am,2.4459999999999997,3.13,1.76
10/26/2019 10:06:44 am,2.447,2.86,1.79
10/26/2019 10:06:44 am,2.448,3.29,2.09
10/26/2019 10:06:44 am,2.449,2.91,1.55
10/26/2019 10:06:44 am,2.45,2.81,1.36
10/26/2019 10:06:44 am,2.451,3.02,1.44
10/26/2019 10:06:44 am,2.452,2.91,1.44
10/26/2019 10:06:44 am,2.4530000000000003,3.0,1.66
10/26/2019 10:06:44 am,2.454,3.05,1.06
10/26/2019 10:06:44 am,2.455,3.24,1.55
10/26/2019 10:06:44 am,2.456,3.27,1.22
10/26/2019 10:06:44 am,2.457,2.73,1.5
10/26/2019 10:06:44 am,2.458,3.08,0.93
10/26/2019 10:06:44 am,2.459,2.89,1.39
10/26/2019 10:06:44 am,2.46,2.4,1.2
10/26/2019 10:06:44 am,2.461,2.35,0.77
10/26/2019 10:06:44 am,2.4619999999999997,2.35,1.1
10/26/2019 10:06:44 am,2.463,2.75,1.15
10/26/2019 10:06:44 am,2.464,2.54,0.71
10/26/2019 10:06:44 am,2.465,1.97,0.8
10/26/2019 10:06:44 am,2.4659999999999997,2.78,1.12
10/26/2019 10:06:44 am,2.467,2.56,0.64
10/26/2019 10:06:44 am,2.468,2.02,1.02
10/26/2019 10:06:44 am,2.469,2.67,0.87
10/26/2019 10:06:44 am,2.47,2.48,1.2
10/26/2019 10:06:44 am,2.471,2.97,1.07
10/26/2019 10:06:44 am,2.472,3.05,0.82
10/26/2019 10:06:44 am,2.4730000000000003,2.59,1.17
10/26/2019 10:06:44 am,2.474,2.48,1.41
10/26/2019 10:06:44 am,2.475,2.83,1.5
10/26/2019 10:06:44 am,2.476,2.56,1.23
10/26/2019 10:06:44 am,2.477,2.89,1.15
10/26/2019 10:06:44 am,2.478,2.83,1.23
10/26/2019 10:06:44 am,2.479,3.08,1.09
10/26/2019 10:06:44 am,2.48,2.75,1.5
10/26/2019 10:06:44 am,2.481,3.35,1.55
10/26/2019 10:06:44 am,2.4819999999999998,3.18,1.44
10/26/2019 10:06:44 am,2.483,3.1,1.01
10/26/2019 10:06:44 am,2.484,3.32,0.98
10/26/2019 10:06:44 am,2.485,2.89,1.01
10/26/2019 10:06:44 am,2.4859999999999998,3.16,1.01
10/26/2019 10:06:44 am,2.487,3.24,1.39
10/26/2019 10:06:44 am,2.488,3.56,1.6
10/26/2019 10:06:44 am,2.489,2.56,1.34
10/26/2019 10:06:44 am,2.49,2.83,1.44
10/26/2019 10:06:44 am,2.491,2.81,1.58
10/26/2019 10:06:44 am,2.492,3.0,1.61
10/26/2019 10:06:44 am,2.4930000000000003,2.86,1.74
10/26/2019 10:06:44 am,2.494,2.94,1.5
10/26/2019 10:06:44 am,2.495,2.7,2.07
10/26/2019 10:06:44 am,2.496,3.67,1.28
10/26/2019 10:06:44 am,2.497,3.1,2.01
10/26/2019 10:06:44 am,2.498,3.72,1.93
10/26/2019 10:06:44 am,2.499,3.51,1.74
10/26/2019 10:06:44 am,2.5,3.81,2.04
10/26/2019 10:06:44 am,2.501,3.29,1.95
10/26/2019 10:06:44 am,2.502,3.18,2.07
10/26/2019 10:06:44 am,2.503,3.18,1.71
10/26/2019 10:06:44 am,2.504,3.59,1.98
10/26/2019 10:06:44 am,2.505,3.64,2.01
10/26/2019 10:06:44 am,2.506,3.27,2.06
10/26/2019 10:06:44 am,2.5069999999999997,3.02,1.71
10/26/2019 10:06:44 am,2.508,3.7,1.71
10/26/2019 10:06:44 am,2.509,3.4,2.28
10/26/2019 10:06:44 am,2.51,3.16,2.55
10/26/2019 10:06:44 am,2.511,3.24,1.39
10/26/2019 10:06:44 am,2.512,3.16,1.51
10/26/2019 10:06:44 am,2.513,3.54,1.79
10/26/2019 10:06:44 am,2.5140000000000002,3.94,1.14
10/26/2019 10:06:44 am,2.515,3.72,1.65
10/26/2019 10:06:44 am,2.516,3.43,1.79
10/26/2019 10:06:44 am,2.517,3.4,1.71
10/26/2019 10:06:44 am,2.5180000000000002,2.97,1.52
10/26/2019 10:06:44 am,2.519,3.37,1.49
10/26/2019 10:06:44 am,2.52,3.45,2.65
10/26/2019 10:06:44 am,2.521,3.62,1.84
10/26/2019 10:06:44 am,2.522,3.67,1.58
10/26/2019 10:06:44 am,2.523,3.08,1.93
10/26/2019 10:06:44 am,2.524,3.21,1.65
10/26/2019 10:06:44 am,2.525,3.43,2.09
10/26/2019 10:06:44 am,2.526,3.89,1.84
10/26/2019 10:06:44 am,2.5269999999999997,3.45,2.39
10/26/2019 10:06:44 am,2.528,3.64,1.74
10/26/2019 10:06:44 am,2.529,3.59,1.97
10/26/2019 10:06:44 am,2.53,3.4,1.87
10/26/2019 10:06:44 am,2.531,3.83,2.27
10/26/2019 10:06:44 am,2.532,3.24,1.71
10/26/2019 10:06:44 am,2.533,3.94,1.77
10/26/2019 10:06:44 am,2.5340000000000003,3.21,1.95
10/26/2019 10:06:44 am,2.535,3.13,1.63
10/26/2019 10:06:44 am,2.536,3.56,1.66
10/26/2019 10:06:44 am,2.537,3.35,1.84
10/26/2019 10:06:44 am,2.5380000000000003,3.21,1.9
10/26/2019 10:06:44 am,2.539,3.37,1.98
10/26/2019 10:06:44 am,2.54,3.18,1.82
10/26/2019 10:06:44 am,2.541,3.27,1.88
10/26/2019 10:06:44 am,2.542,3.43,1.96
10/26/2019 10:06:44 am,2.543,2.97,1.74
10/26/2019 10:06:44 am,2.544,3.08,1.57
10/26/2019 10:06:44 am,2.545,3.35,1.93
10/26/2019 10:06:44 am,2.546,3.59,1.93
10/26/2019 10:06:44 am,2.5469999999999997,3.64,1.34
10/26/2019 10:06:44 am,2.548,3.46,2.04
10/26/2019 10:06:44 am,2.549,3.64,1.41
10/26/2019 10:06:44 am,2.55,2.83,1.68
10/26/2019 10:06:44 am,2.551,3.1,1.71
10/26/2019 10:06:44 am,2.552,3.51,1.58
10/26/2019 10:06:44 am,2.553,3.56,1.71
10/26/2019 10:06:44 am,2.5540000000000003,3.13,1.25
10/26/2019 10:06:44 am,2.555,3.32,1.82
10/26/2019 10:06:44 am,2.556,3.18,1.33
10/26/2019 10:06:44 am,2.557,2.56,1.68
10/26/2019 10:06:44 am,2.5580000000000003,3.13,1.39
10/26/2019 10:06:44 am,2.559,2.89,1.33
10/26/2019 10:06:44 am,2.56,2.89,1.12
10/26/2019 10:06:44 am,2.5610000000000004,2.86,1.36
10/26/2019 10:06:44 am,2.562,3.29,0.98
10/26/2019 10:06:44 am,2.563,2.99,0.98
10/26/2019 10:06:44 am,2.5639999999999996,2.51,1.58
10/26/2019 10:06:44 am,2.565,2.62,0.85
10/26/2019 10:06:44 am,2.5660000000000003,2.64,1.39
10/26/2019 10:06:44 am,2.5669999999999997,2.78,1.14
10/26/2019 10:06:44 am,2.568,2.86,1.44
10/26/2019 10:06:44 am,2.569,2.81,1.31
10/26/2019 10:06:44 am,2.57,2.83,1.15
10/26/2019 10:06:44 am,2.571,2.86,1.39
10/26/2019 10:06:44 am,2.572,3.02,1.12
10/26/2019 10:06:44 am,2.573,2.97,1.47
10/26/2019 10:06:44 am,2.574,2.86,1.06
10/26/2019 10:06:44 am,2.575,2.92,1.31
10/26/2019 10:06:44 am,2.576,3.18,0.98
10/26/2019 10:06:44 am,2.577,2.94,0.91
10/26/2019 10:06:44 am,2.5780000000000003,3.27,1.38
10/26/2019 10:06:44 am,2.5789999999999997,2.89,1.53
10/26/2019 10:06:44 am,2.58,3.43,1.04
10/26/2019 10:06:44 am,2.5810000000000004,2.75,1.66
10/26/2019 10:06:44 am,2.582,2.92,1.39
10/26/2019 10:06:44 am,2.583,2.81,1.39
10/26/2019 10:06:44 am,2.5839999999999996,2.91,1.09
10/26/2019 10:06:44 am,2.585,2.97,1.25
10/26/2019 10:06:44 am,2.5860000000000003,3.16,1.28
10/26/2019 10:06:44 am,2.5869999999999997,3.27,1.55
10/26/2019 10:06:44 am,2.588,2.81,1.14
10/26/2019 10:06:44 am,2.589,2.83,1.41
10/26/2019 10:06:44 am,2.59,3.29,1.68
10/26/2019 10:06:44 am,2.591,2.78,1.25
10/26/2019 10:06:44 am,2.592,2.92,1.95
10/26/2019 10:06:44 am,2.593,2.97,1.5
10/26/2019 10:06:44 am,2.594,3.16,1.6
10/26/2019 10:06:44 am,2.595,3.21,1.33
10/26/2019 10:06:44 am,2.596,3.08,1.82
10/26/2019 10:06:44 am,2.597,3.1,1.71
10/26/2019 10:06:44 am,2.5980000000000003,3.0,2.01
10/26/2019 10:06:44 am,2.5989999999999998,3.0,1.66
10/26/2019 10:06:44 am,2.6,3.43,1.57
10/26/2019 10:06:44 am,2.6010000000000004,3.05,1.6
10/26/2019 10:06:44 am,2.602,3.24,1.77
10/26/2019 10:06:44 am,2.603,2.97,1.2
10/26/2019 10:06:44 am,2.6039999999999996,3.48,1.52
10/26/2019 10:06:44 am,2.605,3.43,1.44
10/26/2019 10:06:44 am,2.6060000000000003,3.29,1.58
10/26/2019 10:06:44 am,2.6069999999999998,3.38,1.6
10/26/2019 10:06:44 am,2.608,2.78,1.58
10/26/2019 10:06:44 am,2.609,3.21,1.52
10/26/2019 10:06:44 am,2.61,3.1,1.66
10/26/2019 10:06:44 am,2.611,3.24,1.66
10/26/2019 10:06:44 am,2.612,3.08,1.57
10/26/2019 10:06:44 am,2.613,3.48,1.62
10/26/2019 10:06:44 am,2.614,3.16,1.76
10/26/2019 10:06:44 am,2.615,3.46,1.22
10/26/2019 10:06:44 am,2.616,3.24,1.71
10/26/2019 10:06:44 am,2.617,3.35,1.79
10/26/2019 10:06:44 am,2.6180000000000003,3.4,1.36
10/26/2019 10:06:44 am,2.6189999999999998,3.18,1.33
10/26/2019 10:06:44 am,2.62,3.16,1.74
10/26/2019 10:06:44 am,2.6210000000000004,3.21,1.84
10/26/2019 10:06:44 am,2.622,3.24,1.93
10/26/2019 10:06:44 am,2.623,3.43,2.03
10/26/2019 10:06:44 am,2.6239999999999997,3.45,2.14
10/26/2019 10:06:44 am,2.625,3.16,1.87
10/26/2019 10:06:44 am,2.6260000000000003,3.43,2.17
10/26/2019 10:06:44 am,2.627,3.59,2.38
10/26/2019 10:06:44 am,2.628,3.94,2.57
10/26/2019 10:06:44 am,2.6289999999999996,3.7,2.24
10/26/2019 10:06:44 am,2.63,3.32,2.17
10/26/2019 10:06:44 am,2.6310000000000002,2.83,2.28
10/26/2019 10:06:44 am,2.6319999999999997,3.78,1.84
10/26/2019 10:06:44 am,2.633,3.32,1.76
10/26/2019 10:06:44 am,2.634,3.37,1.95
10/26/2019 10:06:44 am,2.635,3.94,2.01
10/26/2019 10:06:44 am,2.636,3.51,2.22
10/26/2019 10:06:44 am,2.637,3.48,1.74
10/26/2019 10:06:44 am,2.638,3.26,1.9
10/26/2019 10:06:44 am,2.639,3.35,1.71
10/26/2019 10:06:44 am,2.64,3.43,1.49
10/26/2019 10:06:44 am,2.641,3.21,2.36
10/26/2019 10:06:44 am,2.642,3.08,2.11
10/26/2019 10:06:44 am,2.6430000000000002,3.18,1.87
10/26/2019 10:06:44 am,2.6439999999999997,3.29,1.76
10/26/2019 10:06:44 am,2.645,3.24,1.52
10/26/2019 10:06:44 am,2.6460000000000004,3.54,1.44
10/26/2019 10:06:44 am,2.647,3.37,1.44
10/26/2019 10:06:44 am,2.648,3.21,2.01
10/26/2019 10:06:44 am,2.6489999999999996,3.35,2.03
10/26/2019 10:06:44 am,2.65,3.08,2.03
10/26/2019 10:06:44 am,2.6510000000000002,3.59,1.92
10/26/2019 10:06:44 am,2.6519999999999997,2.89,1.85
10/26/2019 10:06:44 am,2.653,3.13,1.88
10/26/2019 10:06:44 am,2.654,3.1,2.71
10/26/2019 10:06:44 am,2.655,3.43,1.95
10/26/2019 10:06:44 am,2.656,3.08,1.75
10/26/2019 10:06:44 am,2.657,2.94,1.87
10/26/2019 10:06:44 am,2.658,3.13,1.3
10/26/2019 10:06:44 am,2.659,3.02,2.01
10/26/2019 10:06:44 am,2.66,2.78,1.77
10/26/2019 10:06:44 am,2.661,3.56,1.76
10/26/2019 10:06:44 am,2.662,3.37,2.14
10/26/2019 10:06:44 am,2.6630000000000003,2.89,1.66
10/26/2019 10:06:44 am,2.6639999999999997,3.4,1.55
10/26/2019 10:06:44 am,2.665,2.64,1.52
10/26/2019 10:06:44 am,2.6660000000000004,3.37,1.34
10/26/2019 10:06:44 am,2.667,3.02,1.6
10/26/2019 10:06:44 am,2.668,3.11,1.25
10/26/2019 10:06:44 am,2.6689999999999996,2.51,1.04
10/26/2019 10:06:44 am,2.67,3.0,1.17
10/26/2019 10:06:44 am,2.6710000000000003,2.7,0.77
10/26/2019 10:06:44 am,2.6719999999999997,3.02,1.01
10/26/2019 10:06:44 am,2.673,2.56,1.2
10/26/2019 10:06:44 am,2.674,3.05,1.53
10/26/2019 10:06:44 am,2.675,2.81,1.47
10/26/2019 10:06:44 am,2.676,2.97,1.44
10/26/2019 10:06:44 am,2.677,2.83,1.34
10/26/2019 10:06:44 am,2.678,2.94,1.53
10/26/2019 10:06:44 am,2.679,3.0,1.58
10/26/2019 10:06:44 am,2.68,2.91,1.31
10/26/2019 10:06:44 am,2.681,2.56,1.55
10/26/2019 10:06:44 am,2.682,3.02,1.52
10/26/2019 10:06:44 am,2.6830000000000003,2.91,1.58
10/26/2019 10:06:44 am,2.6839999999999997,2.97,1.23
10/26/2019 10:06:44 am,2.685,2.83,1.34
10/26/2019 10:06:44 am,2.6860000000000004,2.89,1.44
10/26/2019 10:06:44 am,2.687,2.78,1.34
10/26/2019 10:06:44 am,2.688,3.08,1.36
10/26/2019 10:06:44 am,2.6889999999999996,2.59,1.37
10/26/2019 10:06:44 am,2.69,2.97,1.47
10/26/2019 10:06:44 am,2.6910000000000003,3.16,1.28
10/26/2019 10:06:44 am,2.6919999999999997,3.0,1.17
10/26/2019 10:06:44 am,2.693,3.02,1.44
10/26/2019 10:06:44 am,2.694,3.08,1.63
10/26/2019 10:06:44 am,2.695,3.24,1.33
10/26/2019 10:06:44 am,2.696,3.16,1.98
10/26/2019 10:06:44 am,2.697,3.54,1.41
10/26/2019 10:06:44 am,2.698,3.19,1.71
10/26/2019 10:06:44 am,2.699,3.18,1.58
10/26/2019 10:06:44 am,2.7,3.08,1.55
10/26/2019 10:06:44 am,2.701,2.84,1.95
10/26/2019 10:06:44 am,2.702,3.21,1.71
10/26/2019 10:06:44 am,2.7030000000000003,3.35,1.42
10/26/2019 10:06:44 am,2.7039999999999997,2.97,1.39
10/26/2019 10:06:44 am,2.705,3.59,1.79
10/26/2019 10:06:44 am,2.7060000000000004,3.16,1.98
10/26/2019 10:06:44 am,2.707,3.48,1.71
10/26/2019 10:06:44 am,2.708,2.97,1.82
10/26/2019 10:06:44 am,2.7089999999999996,3.05,1.77
10/26/2019 10:06:44 am,2.71,3.21,1.76
10/26/2019 10:06:44 am,2.7110000000000003,2.67,1.56
10/26/2019 10:06:44 am,2.7119999999999997,2.97,1.66
10/26/2019 10:06:44 am,2.713,3.13,1.71
10/26/2019 10:06:44 am,2.714,3.43,2.1
10/26/2019 10:06:44 am,2.715,3.21,1.47
10/26/2019 10:06:44 am,2.716,3.16,1.49
10/26/2019 10:06:44 am,2.717,3.0,2.22
10/26/2019 10:06:44 am,2.718,3.02,2.2
10/26/2019 10:06:44 am,2.719,3.4,1.66
10/26/2019 10:06:44 am,2.72,3.29,1.58
10/26/2019 10:06:44 am,2.721,3.43,1.71
10/26/2019 10:06:44 am,2.722,3.51,1.88
10/26/2019 10:06:44 am,2.7230000000000003,3.48,1.47
10/26/2019 10:06:44 am,2.7239999999999998,3.48,1.71
10/26/2019 10:06:44 am,2.725,3.05,1.47
10/26/2019 10:06:44 am,2.7260000000000004,3.29,1.82
10/26/2019 10:06:44 am,2.727,3.45,1.8
10/26/2019 10:06:44 am,2.728,3.02,1.87
10/26/2019 10:06:44 am,2.7289999999999996,3.38,1.58
10/26/2019 10:06:44 am,2.73,3.16,1.57
10/26/2019 10:06:44 am,2.7310000000000003,3.51,1.52
10/26/2019 10:06:44 am,2.7319999999999998,3.29,1.98
10/26/2019 10:06:44 am,2.733,3.54,2.2
10/26/2019 10:06:44 am,2.734,3.43,2.0
10/26/2019 10:06:44 am,2.735,3.62,2.41
10/26/2019 10:06:44 am,2.736,3.54,1.77
10/26/2019 10:06:44 am,2.737,2.97,1.58
10/26/2019 10:06:44 am,2.738,3.27,1.9
10/26/2019 10:06:44 am,2.739,3.64,2.14
10/26/2019 10:06:44 am,2.74,3.67,1.93
10/26/2019 10:06:44 am,2.741,3.54,1.89
10/26/2019 10:06:44 am,2.742,3.86,2.14
10/26/2019 10:06:44 am,2.7430000000000003,3.67,1.85
10/26/2019 10:06:44 am,2.7439999999999998,3.46,1.79
10/26/2019 10:06:44 am,2.745,3.19,2.38
10/26/2019 10:06:44 am,2.7460000000000004,3.62,2.23
10/26/2019 10:06:44 am,2.747,2.94,1.47
10/26/2019 10:06:44 am,2.748,3.35,1.87
10/26/2019 10:06:44 am,2.7489999999999997,3.7,2.25
10/26/2019 10:06:44 am,2.75,3.37,1.36
10/26/2019 10:06:44 am,2.7510000000000003,3.62,1.87
10/26/2019 10:06:44 am,2.752,3.37,1.99
10/26/2019 10:06:44 am,2.753,3.1,1.79
10/26/2019 10:06:44 am,2.7539999999999996,3.13,2.03
10/26/2019 10:06:44 am,2.755,3.08,1.39
10/26/2019 10:06:44 am,2.7560000000000002,3.56,1.82
10/26/2019 10:06:44 am,2.7569999999999997,2.83,1.96
10/26/2019 10:06:44 am,2.758,3.37,1.6
10/26/2019 10:06:44 am,2.759,3.54,1.55
10/26/2019 10:06:44 am,2.76,3.59,1.36
10/26/2019 10:06:44 am,2.761,3.05,1.55
10/26/2019 10:06:44 am,2.762,3.46,1.28
10/26/2019 10:06:44 am,2.763,2.97,2.06
10/26/2019 10:06:44 am,2.764,3.08,1.9
10/26/2019 10:06:44 am,2.765,3.24,2.44
10/26/2019 10:06:44 am,2.766,2.91,1.52
10/26/2019 10:06:44 am,2.767,2.97,1.74
10/26/2019 10:06:44 am,2.7680000000000002,2.86,1.1
10/26/2019 10:06:44 am,2.7689999999999997,3.35,1.68
10/26/2019 10:06:44 am,2.77,3.02,1.47
10/26/2019 10:06:44 am,2.7710000000000004,3.27,1.58
10/26/2019 10:06:44 am,2.772,3.46,1.6
10/26/2019 10:06:44 am,2.773,3.16,1.33
10/26/2019 10:06:44 am,2.7739999999999996,2.91,1.66
10/26/2019 10:06:44 am,2.775,2.65,1.01
10/26/2019 10:06:44 am,2.7760000000000002,3.29,1.52
10/26/2019 10:06:44 am,2.7769999999999997,2.97,1.2
10/26/2019 10:06:44 am,2.778,2.62,1.23
10/26/2019 10:06:44 am,2.779,3.05,1.55
10/26/2019 10:06:44 am,2.78,3.1,1.74
10/26/2019 10:06:44 am,2.781,3.29,1.23
10/26/2019 10:06:44 am,2.782,2.89,2.15
10/26/2019 10:06:44 am,2.783,2.56,1.5
10/26/2019 10:06:44 am,2.784,2.94,1.45
10/26/2019 10:06:44 am,2.785,2.59,1.31
10/26/2019 10:06:44 am,2.786,2.78,1.25
10/26/2019 10:06:44 am,2.787,2.81,1.42
10/26/2019 10:06:44 am,2.7880000000000003,2.92,1.77
10/26/2019 10:06:44 am,2.7889999999999997,2.7,1.39
10/26/2019 10:06:44 am,2.79,3.0,1.28
10/26/2019 10:06:44 am,2.7910000000000004,3.59,0.9
10/26/2019 10:06:44 am,2.792,2.73,1.37
10/26/2019 10:06:44 am,2.793,2.37,1.69
10/26/2019 10:06:44 am,2.7939999999999996,3.05,1.47
10/26/2019 10:06:44 am,2.795,2.67,1.12
10/26/2019 10:06:44 am,2.7960000000000003,2.97,1.28
10/26/2019 10:06:44 am,2.7969999999999997,2.67,1.28
10/26/2019 10:06:44 am,2.798,2.94,1.34
10/26/2019 10:06:44 am,2.799,3.05,1.66
10/26/2019 10:06:44 am,2.8,3.21,1.69
10/26/2019 10:06:44 am,2.801,2.97,1.09
10/26/2019 10:06:44 am,2.802,3.19,1.5
10/26/2019 10:06:44 am,2.803,3.02,1.06
10/26/2019 10:06:44 am,2.804,3.24,1.04
10/26/2019 10:06:44 am,2.805,3.35,1.85
10/26/2019 10:06:44 am,2.806,3.27,1.25
10/26/2019 10:06:44 am,2.807,2.94,1.55
10/26/2019 10:06:44 am,2.8080000000000003,3.29,2.06
10/26/2019 10:06:44 am,2.8089999999999997,3.13,1.79
10/26/2019 10:06:44 am,2.81,2.91,1.79
10/26/2019 10:06:44 am,2.8110000000000004,3.13,1.77
10/26/2019 10:06:44 am,2.812,3.24,1.61
10/26/2019 10:06:44 am,2.813,3.27,1.66
10/26/2019 10:06:44 am,2.8139999999999996,3.02,1.5
10/26/2019 10:06:44 am,2.815,3.02,1.57
10/26/2019 10:06:44 am,2.8160000000000003,2.83,1.36
10/26/2019 10:06:44 am,2.8169999999999997,3.16,1.9
10/26/2019 10:06:44 am,2.818,3.43,2.36
10/26/2019 10:06:44 am,2.819,3.24,1.85
10/26/2019 10:06:44 am,2.82,3.78,1.66
10/26/2019 10:06:44 am,2.821,3.24,1.93
10/26/2019 10:06:44 am,2.822,3.62,1.74
10/26/2019 10:06:44 am,2.823,3.21,1.6
10/26/2019 10:06:44 am,2.824,3.27,1.63
10/26/2019 10:06:44 am,2.825,3.83,1.39
10/26/2019 10:06:44 am,2.826,3.48,1.68
10/26/2019 10:06:44 am,2.827,3.13,1.95
10/26/2019 10:06:44 am,2.8280000000000003,3.43,2.14
10/26/2019 10:06:44 am,2.8289999999999997,3.24,1.74
10/26/2019 10:06:44 am,2.83,3.86,2.17
10/26/2019 10:06:44 am,2.8310000000000004,2.94,2.22
10/26/2019 10:06:44 am,2.832,3.13,1.68
10/26/2019 10:06:44 am,2.833,3.75,2.2
10/26/2019 10:06:44 am,2.8339999999999996,3.27,1.93
10/26/2019 10:06:44 am,2.835,3.59,1.55
10/26/2019 10:06:44 am,2.8360000000000003,3.37,1.66
10/26/2019 10:06:44 am,2.8369999999999997,3.32,1.9
10/26/2019 10:06:44 am,2.838,3.32,2.04
10/26/2019 10:06:44 am,2.839,3.26,2.3
10/26/2019 10:06:44 am,2.84,2.97,2.12
10/26/2019 10:06:44 am,2.841,3.43,1.73
10/26/2019 10:06:44 am,2.842,3.46,2.6
10/26/2019 10:06:44 am,2.843,3.73,1.79
10/26/2019 10:06:44 am,2.844,3.78,1.98
10/26/2019 10:06:44 am,2.845,3.4,1.84
10/26/2019 10:06:44 am,2.846,3.37,1.82
10/26/2019 10:06:44 am,2.847,3.13,1.5
10/26/2019 10:06:44 am,2.8480000000000003,3.83,2.06
10/26/2019 10:06:44 am,2.8489999999999998,2.92,1.52
10/26/2019 10:06:44 am,2.85,3.08,1.68
10/26/2019 10:06:44 am,2.8510000000000004,3.13,2.03
10/26/2019 10:06:44 am,2.852,3.27,2.12
10/26/2019 10:06:44 am,2.853,3.21,1.69
10/26/2019 10:06:44 am,2.8539999999999996,3.45,1.61
10/26/2019 10:06:44 am,2.855,3.54,1.79
10/26/2019 10:06:44 am,2.8560000000000003,3.7,1.69
10/26/2019 10:06:44 am,2.8569999999999998,3.48,1.66
10/26/2019 10:06:44 am,2.858,3.53,2.04
10/26/2019 10:06:44 am,2.859,3.08,2.18
10/26/2019 10:06:44 am,2.86,3.27,1.95
10/26/2019 10:06:44 am,2.861,2.72,1.88
10/26/2019 10:06:44 am,2.862,3.46,1.52
10/26/2019 10:06:44 am,2.863,3.18,2.33
10/26/2019 10:06:44 am,2.864,3.26,1.85
10/26/2019 10:06:44 am,2.865,3.48,2.25
10/26/2019 10:06:44 am,2.866,3.29,1.71
10/26/2019 10:06:44 am,2.867,3.78,1.44
10/26/2019 10:06:44 am,2.8680000000000003,2.89,1.49
10/26/2019 10:06:44 am,2.8689999999999998,2.81,1.72
10/26/2019 10:06:44 am,2.87,3.27,1.98
10/26/2019 10:06:44 am,2.8710000000000004,3.21,1.52
10/26/2019 10:06:44 am,2.872,2.94,1.84
10/26/2019 10:06:44 am,2.873,3.24,1.57
10/26/2019 10:06:44 am,2.8739999999999997,3.24,1.63
10/26/2019 10:06:44 am,2.875,3.48,1.6
10/26/2019 10:06:44 am,2.8760000000000003,3.16,1.34
10/26/2019 10:06:44 am,2.877,3.29,2.17
10/26/2019 10:06:44 am,2.878,3.32,1.79
10/26/2019 10:06:44 am,2.8789999999999996,3.16,2.06
10/26/2019 10:06:44 am,2.88,3.67,1.12
10/26/2019 10:06:44 am,2.8810000000000002,3.4,1.44
10/26/2019 10:06:44 am,2.8819999999999997,2.83,1.71
10/26/2019 10:06:44 am,2.883,3.27,1.47
10/26/2019 10:06:44 am,2.884,3.32,1.12
10/26/2019 10:06:44 am,2.885,3.13,1.8
10/26/2019 10:06:44 am,2.886,3.21,1.66
10/26/2019 10:06:44 am,2.887,3.0,1.77
10/26/2019 10:06:44 am,2.888,2.59,1.23
10/26/2019 10:06:44 am,2.889,3.24,1.42
10/26/2019 10:06:44 am,2.89,2.92,1.45
10/26/2019 10:06:44 am,2.891,3.29,1.77
10/26/2019 10:06:44 am,2.892,3.24,1.6
10/26/2019 10:06:44 am,2.8930000000000002,3.54,1.15
10/26/2019 10:06:44 am,2.8939999999999997,2.86,1.85
10/26/2019 10:06:44 am,2.895,3.08,1.23
10/26/2019 10:06:44 am,2.8960000000000004,3.21,1.66
10/26/2019 10:06:44 am,2.897,2.94,1.26
10/26/2019 10:06:44 am,2.898,3.02,1.88
10/26/2019 10:06:44 am,2.8989999999999996,2.86,1.63
10/26/2019 10:06:44 am,2.9,3.08,1.63
10/26/2019 10:06:44 am,2.9010000000000002,2.89,1.8
10/26/2019 10:06:44 am,2.9019999999999997,3.05,1.96
10/26/2019 10:06:44 am,2.903,2.78,1.36
10/26/2019 10:06:44 am,2.904,3.08,1.31
10/26/2019 10:06:44 am,2.905,3.26,1.47
10/26/2019 10:06:44 am,2.906,3.0,1.33
10/26/2019 10:06:44 am,2.907,2.94,1.06
10/26/2019 10:06:44 am,2.908,2.56,1.39
10/26/2019 10:06:44 am,2.909,2.62,1.61
10/26/2019 10:06:44 am,2.91,2.73,1.5
10/26/2019 10:06:44 am,2.911,3.02,1.58
10/26/2019 10:06:44 am,2.912,2.89,1.85
10/26/2019 10:06:44 am,2.9130000000000003,3.08,1.55
10/26/2019 10:06:44 am,2.9139999999999997,2.73,1.47
10/26/2019 10:06:44 am,2.915,3.21,1.8
10/26/2019 10:06:44 am,2.9160000000000004,3.27,1.77
10/26/2019 10:06:44 am,2.917,3.19,1.25
10/26/2019 10:06:44 am,2.918,3.24,1.93
10/26/2019 10:06:44 am,2.9189999999999996,3.29,1.74
10/26/2019 10:06:44 am,2.92,3.4,2.14
10/26/2019 10:06:44 am,2.9210000000000003,3.4,2.04
10/26/2019 10:06:44 am,2.9219999999999997,3.21,1.9
10/26/2019 10:06:44 am,2.923,3.19,1.93
10/26/2019 10:06:44 am,2.924,3.21,1.82
10/26/2019 10:06:44 am,2.925,3.21,1.6
10/26/2019 10:06:44 am,2.926,3.56,1.87
10/26/2019 10:06:44 am,2.927,3.24,1.31
10/26/2019 10:06:44 am,2.928,3.05,1.55
10/26/2019 10:06:44 am,2.929,3.16,2.04
10/26/2019 10:06:44 am,2.93,3.16,1.95
10/26/2019 10:06:44 am,2.931,3.19,2.07
10/26/2019 10:06:44 am,2.932,3.51,1.71
10/26/2019 10:06:44 am,2.9330000000000003,2.78,2.26
10/26/2019 10:06:44 am,2.9339999999999997,2.97,1.76
10/26/2019 10:06:44 am,2.935,3.24,1.84
10/26/2019 10:06:44 am,2.9360000000000004,3.7,1.33
10/26/2019 10:06:44 am,2.937,3.4,1.98
10/26/2019 10:06:44 am,2.938,3.73,2.01
10/26/2019 10:06:44 am,2.9389999999999996,3.51,2.01
10/26/2019 10:06:44 am,2.94,3.43,2.17
10/26/2019 10:06:44 am,2.9410000000000003,3.0,1.52
10/26/2019 10:06:44 am,2.9419999999999997,3.24,2.22
10/26/2019 10:06:44 am,2.943,3.45,1.38
10/26/2019 10:06:44 am,2.944,3.4,2.12
10/26/2019 10:06:44 am,2.945,3.48,1.71
10/26/2019 10:06:44 am,2.946,3.32,2.01
10/26/2019 10:06:44 am,2.947,3.54,1.68
10/26/2019 10:06:44 am,2.948,3.43,1.79
10/26/2019 10:06:44 am,2.949,3.46,2.01
10/26/2019 10:06:44 am,2.95,3.35,1.96
10/26/2019 10:06:44 am,2.951,3.73,1.71
10/26/2019 10:06:44 am,2.952,3.56,1.71
10/26/2019 10:06:44 am,2.9530000000000003,3.45,1.82
10/26/2019 10:06:44 am,2.9539999999999997,3.05,2.04
10/26/2019 10:06:44 am,2.955,3.43,2.39
10/26/2019 10:06:44 am,2.9560000000000004,3.54,1.68
10/26/2019 10:06:44 am,2.957,3.05,1.9
10/26/2019 10:06:44 am,2.958,3.51,2.14
10/26/2019 10:06:44 am,2.9589999999999996,3.38,1.63
10/26/2019 10:06:44 am,2.96,3.29,1.46
10/26/2019 10:06:44 am,2.9610000000000003,3.59,2.12
10/26/2019 10:06:44 am,2.9619999999999997,3.27,2.12
10/26/2019 10:06:44 am,2.963,3.59,2.04
10/26/2019 10:06:44 am,2.964,3.26,1.87
10/26/2019 10:06:44 am,2.965,3.54,2.09
10/26/2019 10:06:44 am,2.966,3.45,1.92
10/26/2019 10:06:44 am,2.967,3.0,1.9
10/26/2019 10:06:44 am,2.968,3.1,2.25
10/26/2019 10:06:44 am,2.969,3.32,1.71
10/26/2019 10:06:44 am,2.97,3.54,1.66
10/26/2019 10:06:44 am,2.971,3.29,2.09
10/26/2019 10:06:44 am,2.972,3.37,2.04
10/26/2019 10:06:44 am,2.9730000000000003,3.48,1.79
10/26/2019 10:06:44 am,2.9739999999999998,3.08,2.14
10/26/2019 10:06:44 am,2.975,3.29,2.33
10/26/2019 10:06:44 am,2.9760000000000004,3.02,1.77
10/26/2019 10:06:44 am,2.977,2.75,1.9
10/26/2019 10:06:44 am,2.978,3.32,1.47
10/26/2019 10:06:44 am,2.9789999999999996,2.97,1.96
10/26/2019 10:06:44 am,2.98,3.0,1.66
10/26/2019 10:06:44 am,2.9810000000000003,3.67,1.61
10/26/2019 10:06:44 am,2.9819999999999998,3.4,1.39
10/26/2019 10:06:44 am,2.983,3.62,1.85
10/26/2019 10:06:44 am,2.984,2.86,1.99
10/26/2019 10:06:44 am,2.985,2.7,1.99
10/26/2019 10:06:44 am,2.986,3.37,1.26
10/26/2019 10:06:44 am,2.987,3.43,1.88
10/26/2019 10:06:44 am,2.988,3.1,1.47
10/26/2019 10:06:44 am,2.989,2.94,1.41
10/26/2019 10:06:44 am,2.99,3.08,1.36
10/26/2019 10:06:44 am,2.991,3.1,1.23
10/26/2019 10:06:44 am,2.992,3.05,1.61
10/26/2019 10:06:44 am,2.9930000000000003,2.7,1.61
10/26/2019 10:06:44 am,2.9939999999999998,3.02,1.18
10/26/2019 10:06:44 am,2.995,3.05,1.42
10/26/2019 10:06:44 am,2.9960000000000004,3.37,1.52
10/26/2019 10:06:44 am,2.997,2.83,1.52
10/26/2019 10:06:44 am,2.998,2.86,1.5
10/26/2019 10:06:44 am,2.9989999999999997,3.24,1.61
10/26/2019 10:06:45 am,3.0,3.1,1.39
10/26/2019 10:06:45 am,3.0010000000000003,2.78,2.06
10/26/2019 10:06:45 am,3.002,3.0,1.42
10/26/2019 10:06:45 am,3.003,3.05,1.82
10/26/2019 10:06:45 am,3.0039999999999996,3.54,1.41
10/26/2019 10:06:45 am,3.005,3.05,1.45
10/26/2019 10:06:45 am,3.0060000000000002,3.16,1.96
10/26/2019 10:06:45 am,3.0069999999999997,3.08,1.63
10/26/2019 10:06:45 am,3.008,3.29,1.57
10/26/2019 10:06:45 am,3.009,2.78,1.8
10/26/2019 10:06:45 am,3.01,3.1,1.71
10/26/2019 10:06:45 am,3.011,2.83,1.58
10/26/2019 10:06:45 am,3.012,2.94,1.77
10/26/2019 10:06:45 am,3.013,3.4,1.42
10/26/2019 10:06:45 am,3.014,3.19,1.69
10/26/2019 10:06:45 am,3.015,3.13,1.71
10/26/2019 10:06:45 am,3.016,3.4,1.57
10/26/2019 10:06:45 am,3.017,3.32,1.85
10/26/2019 10:06:45 am,3.0180000000000002,2.81,1.36
10/26/2019 10:06:45 am,3.0189999999999997,3.19,1.86
10/26/2019 10:06:45 am,3.02,3.02,1.74
10/26/2019 10:06:45 am,3.0210000000000004,2.86,1.72
10/26/2019 10:06:45 am,3.022,3.21,2.09
10/26/2019 10:06:45 am,3.023,3.24,1.71
10/26/2019 10:06:45 am,3.0239999999999996,3.54,1.69
10/26/2019 10:06:45 am,3.025,3.43,1.93
10/26/2019 10:06:45 am,3.0260000000000002,2.37,2.12
10/26/2019 10:06:45 am,3.0269999999999997,3.19,1.39
10/26/2019 10:06:45 am,3.028,3.21,1.74
10/26/2019 10:06:45 am,3.029,3.1,1.44
10/26/2019 10:06:45 am,3.03,3.56,1.63
10/26/2019 10:06:45 am,3.031,2.97,1.53
10/26/2019 10:06:45 am,3.032,3.51,1.57
10/26/2019 10:06:45 am,3.033,2.94,2.2
10/26/2019 10:06:45 am,3.034,3.05,1.85
10/26/2019 10:06:45 am,3.035,2.78,2.04
10/26/2019 10:06:45 am,3.036,3.43,2.04
10/26/2019 10:06:45 am,3.037,3.64,1.85
10/26/2019 10:06:45 am,3.0380000000000003,2.94,1.55
10/26/2019 10:06:45 am,3.0389999999999997,3.86,1.74
10/26/2019 10:06:45 am,3.04,3.4,1.28
10/26/2019 10:06:45 am,3.0410000000000004,3.13,1.58
10/26/2019 10:06:45 am,3.042,3.08,1.6
10/26/2019 10:06:45 am,3.043,3.43,2.55
10/26/2019 10:06:45 am,3.0439999999999996,3.83,1.91
10/26/2019 10:06:45 am,3.045,3.27,1.71
10/26/2019 10:06:45 am,3.0460000000000003,3.48,1.79
10/26/2019 10:06:45 am,3.0469999999999997,3.38,1.9
10/26/2019 10:06:45 am,3.048,3.56,1.96
10/26/2019 10:06:45 am,3.049,3.32,1.79
10/26/2019 10:06:45 am,3.05,3.08,2.2
10/26/2019 10:06:45 am,3.051,3.29,1.93
10/26/2019 10:06:45 am,3.052,3.29,1.98
10/26/2019 10:06:45 am,3.053,3.37,2.17
10/26/2019 10:06:45 am,3.054,3.21,1.92
10/26/2019 10:06:45 am,3.055,3.32,2.12
10/26/2019 10:06:45 am,3.056,3.24,2.09
10/26/2019 10:06:45 am,3.057,3.0,1.82
10/26/2019 10:06:45 am,3.0580000000000003,3.67,1.85
10/26/2019 10:06:45 am,3.0589999999999997,3.48,1.82
10/26/2019 10:06:45 am,3.06,3.59,2.12
10/26/2019 10:06:45 am,3.0610000000000004,3.43,1.95
10/26/2019 10:06:45 am,3.062,3.27,1.95
10/26/2019 10:06:45 am,3.063,3.56,1.98
10/26/2019 10:06:45 am,3.0639999999999996,2.89,1.95
10/26/2019 10:06:45 am,3.065,3.0,1.95
10/26/2019 10:06:45 am,3.0660000000000003,3.43,1.83
10/26/2019 10:06:45 am,3.0669999999999997,3.37,1.95
10/26/2019 10:06:45 am,3.068,3.37,1.58
10/26/2019 10:06:45 am,3.069,3.65,2.47
10/26/2019 10:06:45 am,3.07,3.4,1.98
10/26/2019 10:06:45 am,3.071,3.46,1.44
10/26/2019 10:06:45 am,3.072,3.02,1.9
10/26/2019 10:06:45 am,3.073,3.48,2.41
10/26/2019 10:06:45 am,3.074,3.37,2.47
10/26/2019 10:06:45 am,3.075,3.4,1.87
10/26/2019 10:06:45 am,3.076,3.65,1.87
10/26/2019 10:06:45 am,3.077,3.4,2.01
10/26/2019 10:06:45 am,3.0780000000000003,3.08,2.2
10/26/2019 10:06:45 am,3.0789999999999997,3.48,2.03
10/26/2019 10:06:45 am,3.08,3.54,1.98
10/26/2019 10:06:45 am,3.0810000000000004,3.19,1.98
10/26/2019 10:06:45 am,3.082,2.94,2.04
10/26/2019 10:06:45 am,3.083,3.35,1.71
10/26/2019 10:06:45 am,3.0839999999999996,3.08,1.74
10/26/2019 10:06:45 am,3.085,3.54,1.66
10/26/2019 10:06:45 am,3.0860000000000003,2.81,1.66
10/26/2019 10:06:45 am,3.0869999999999997,2.78,1.9
10/26/2019 10:06:45 am,3.088,2.89,1.74
10/26/2019 10:06:45 am,3.089,3.29,1.55
10/26/2019 10:06:45 am,3.09,3.27,1.47
10/26/2019 10:06:45 am,3.091,3.27,1.79
10/26/2019 10:06:45 am,3.092,3.35,1.68
10/26/2019 10:06:45 am,3.093,2.86,1.52
10/26/2019 10:06:45 am,3.094,3.08,1.79
10/26/2019 10:06:45 am,3.095,2.78,1.61
10/26/2019 10:06:45 am,3.096,3.08,1.42
10/26/2019 10:06:45 am,3.097,3.02,1.63
10/26/2019 10:06:45 am,3.0980000000000003,3.43,1.66
10/26/2019 10:06:45 am,3.0989999999999998,2.54,1.36
10/26/2019 10:06:45 am,3.1,2.81,1.55
10/26/2019 10:06:45 am,3.1010000000000004,3.16,1.42
10/26/2019 10:06:45 am,3.102,3.13,1.74
10/26/2019 10:06:45 am,3.103,2.94,1.34
10/26/2019 10:06:45 am,3.1039999999999996,3.1,1.44
10/26/2019 10:06:45 am,3.105,3.51,1.82
10/26/2019 10:06:45 am,3.1060000000000003,2.89,1.71
10/26/2019 10:06:45 am,3.1069999999999998,2.86,1.61
10/26/2019 10:06:45 am,3.108,2.86,2.49
10/26/2019 10:06:45 am,3.109,3.05,1.58
10/26/2019 10:06:45 am,3.11,2.97,1.5
10/26/2019 10:06:45 am,3.111,2.97,1.98
10/26/2019 10:06:45 am,3.112,3.02,1.42
10/26/2019 10:06:45 am,3.113,3.13,1.85
10/26/2019 10:06:45 am,3.114,3.05,1.64
10/26/2019 10:06:45 am,3.115,3.19,1.61
10/26/2019 10:06:45 am,3.116,2.78,1.33
10/26/2019 10:06:45 am,3.117,2.97,1.66
10/26/2019 10:06:45 am,3.1180000000000003,3.08,1.36
10/26/2019 10:06:45 am,3.1189999999999998,3.0,2.23
10/26/2019 10:06:45 am,3.12,3.38,1.74
10/26/2019 10:06:45 am,3.1210000000000004,2.97,1.66
10/26/2019 10:06:45 am,3.122,2.89,1.63
10/26/2019 10:06:45 am,3.123,3.32,2.04
10/26/2019 10:06:45 am,3.1239999999999997,3.56,1.39
10/26/2019 10:06:45 am,3.125,3.19,1.8
10/26/2019 10:06:45 am,3.1260000000000003,2.7,1.44
10/26/2019 10:06:45 am,3.127,2.78,1.77
10/26/2019 10:06:45 am,3.128,3.4,2.17
10/26/2019 10:06:45 am,3.1289999999999996,3.08,2.18
10/26/2019 10:06:45 am,3.13,3.19,1.71
10/26/2019 10:06:45 am,3.1310000000000002,2.89,2.25
10/26/2019 10:06:45 am,3.1319999999999997,3.62,1.85
10/26/2019 10:06:45 am,3.133,3.02,1.9
10/26/2019 10:06:45 am,3.134,3.05,1.49
10/26/2019 10:06:45 am,3.135,3.16,1.88
10/26/2019 10:06:45 am,3.136,3.37,1.93
10/26/2019 10:06:45 am,3.137,3.37,1.74
10/26/2019 10:06:45 am,3.138,2.97,1.6
10/26/2019 10:06:45 am,3.139,3.08,2.17
10/26/2019 10:06:45 am,3.14,3.02,1.76
10/26/2019 10:06:45 am,3.141,3.4,1.66
10/26/2019 10:06:45 am,3.142,2.83,2.04
10/26/2019 10:06:45 am,3.1430000000000002,2.86,1.85
10/26/2019 10:06:45 am,3.1439999999999997,3.13,1.58
10/26/2019 10:06:45 am,3.145,3.19,1.95
10/26/2019 10:06:45 am,3.1460000000000004,3.24,2.2
10/26/2019 10:06:45 am,3.147,3.13,1.71
10/26/2019 10:06:45 am,3.148,2.86,1.95
10/26/2019 10:06:45 am,3.1489999999999996,3.16,1.98
10/26/2019 10:06:45 am,3.15,3.16,2.26
10/26/2019 10:06:45 am,3.1510000000000002,3.51,1.57
10/26/2019 10:06:45 am,3.1519999999999997,3.56,2.17
10/26/2019 10:06:45 am,3.153,3.62,2.12
10/26/2019 10:06:45 am,3.154,3.27,2.09
10/26/2019 10:06:45 am,3.155,3.43,2.03
10/26/2019 10:06:45 am,3.156,3.46,2.2
10/26/2019 10:06:45 am,3.157,2.89,1.82
10/26/2019 10:06:45 am,3.158,3.29,1.98
10/26/2019 10:06:45 am,3.159,3.43,1.98
10/26/2019 10:06:45 am,3.16,3.46,1.46
10/26/2019 10:06:45 am,3.161,3.21,2.04
10/26/2019 10:06:45 am,3.162,3.38,2.06
10/26/2019 10:06:45 am,3.1630000000000003,3.46,1.84
10/26/2019 10:06:45 am,3.1639999999999997,3.37,2.03
10/26/2019 10:06:45 am,3.165,2.7,2.01
10/26/2019 10:06:45 am,3.1660000000000004,3.54,2.12
10/26/2019 10:06:45 am,3.167,3.21,1.79
10/26/2019 10:06:45 am,3.168,3.4,1.82
10/26/2019 10:06:45 am,3.1689999999999996,3.21,2.28
10/26/2019 10:06:45 am,3.17,3.13,2.06
10/26/2019 10:06:45 am,3.1710000000000003,3.43,2.3
10/26/2019 10:06:45 am,3.1719999999999997,3.4,2.31
10/26/2019 10:06:45 am,3.173,3.81,1.66
10/26/2019 10:06:45 am,3.174,3.35,1.96
10/26/2019 10:06:45 am,3.175,3.05,1.88
10/26/2019 10:06:45 am,3.176,3.02,2.09
10/26/2019 10:06:45 am,3.177,3.56,2.36
10/26/2019 10:06:45 am,3.178,3.38,1.87
10/26/2019 10:06:45 am,3.179,3.35,2.01
10/26/2019 10:06:45 am,3.18,3.46,1.87
10/26/2019 10:06:45 am,3.181,3.81,1.6
10/26/2019 10:06:45 am,3.182,3.62,2.28
10/26/2019 10:06:45 am,3.1830000000000003,3.27,1.87
10/26/2019 10:06:45 am,3.1839999999999997,3.29,1.38
10/26/2019 10:06:45 am,3.185,3.59,2.39
10/26/2019 10:06:45 am,3.1860000000000004,2.92,2.14
10/26/2019 10:06:45 am,3.187,3.43,2.12
10/26/2019 10:06:45 am,3.188,3.92,1.44
10/26/2019 10:06:45 am,3.1889999999999996,3.57,1.85
10/26/2019 10:06:45 am,3.19,3.02,1.61
10/26/2019 10:06:45 am,3.1910000000000003,3.35,1.37
10/26/2019 10:06:45 am,3.1919999999999997,3.3,2.1
10/26/2019 10:06:45 am,3.193,3.08,1.93
10/26/2019 10:06:45 am,3.194,3.08,1.69
10/26/2019 10:06:45 am,3.195,3.62,1.8
10/26/2019 10:06:45 am,3.196,3.24,1.79
10/26/2019 10:06:45 am,3.197,3.43,1.63
10/26/2019 10:06:45 am,3.198,3.27,1.99
10/26/2019 10:06:45 am,3.199,3.02,2.09
10/26/2019 10:06:45 am,3.2,3.24,1.8
10/26/2019 10:06:45 am,3.201,3.19,1.58
10/26/2019 10:06:45 am,3.202,2.83,1.8
10/26/2019 10:06:45 am,3.2030000000000003,3.48,1.77
10/26/2019 10:06:45 am,3.2039999999999997,3.05,1.68
10/26/2019 10:06:45 am,3.205,3.19,2.04
10/26/2019 10:06:45 am,3.2060000000000004,2.97,2.07
10/26/2019 10:06:45 am,3.207,3.13,1.53
10/26/2019 10:06:45 am,3.208,3.13,2.07
10/26/2019 10:06:45 am,3.2089999999999996,2.78,2.23
10/26/2019 10:06:45 am,3.21,3.0,1.8
10/26/2019 10:06:45 am,3.2110000000000003,3.16,1.85
10/26/2019 10:06:45 am,3.2119999999999997,3.27,1.85
10/26/2019 10:06:45 am,3.213,3.27,1.77
10/26/2019 10:06:45 am,3.214,3.16,1.88
10/26/2019 10:06:45 am,3.215,2.89,2.01
10/26/2019 10:06:45 am,3.216,3.24,1.8
10/26/2019 10:06:45 am,3.217,3.02,1.74
10/26/2019 10:06:45 am,3.218,3.48,1.61
10/26/2019 10:06:45 am,3.219,3.27,2.12
10/26/2019 10:06:45 am,3.22,2.78,1.79
10/26/2019 10:06:45 am,3.221,3.24,1.23
10/26/2019 10:06:45 am,3.222,3.05,2.18
10/26/2019 10:06:45 am,3.2230000000000003,2.97,2.01
10/26/2019 10:06:45 am,3.2239999999999998,3.27,1.5
10/26/2019 10:06:45 am,3.225,3.0,2.04
10/26/2019 10:06:45 am,3.2260000000000004,3.05,1.55
10/26/2019 10:06:45 am,3.227,3.43,1.75
10/26/2019 10:06:45 am,3.228,2.78,1.29
10/26/2019 10:06:45 am,3.2289999999999996,3.05,2.2
10/26/2019 10:06:45 am,3.23,2.89,1.47
10/26/2019 10:06:45 am,3.2310000000000003,2.83,1.96
10/26/2019 10:06:45 am,3.2319999999999998,3.08,1.58
10/26/2019 10:06:45 am,3.233,3.05,1.66
10/26/2019 10:06:45 am,3.234,3.29,1.22
10/26/2019 10:06:45 am,3.235,2.86,1.82
10/26/2019 10:06:45 am,3.236,3.19,1.69
10/26/2019 10:06:45 am,3.237,2.7,1.99
10/26/2019 10:06:45 am,3.238,3.54,1.71
10/26/2019 10:06:45 am,3.239,3.21,1.45
10/26/2019 10:06:45 am,3.24,3.3,2.07
10/26/2019 10:06:45 am,3.241,3.24,1.36
10/26/2019 10:06:45 am,3.242,3.4,1.77
10/26/2019 10:06:45 am,3.2430000000000003,3.43,1.53
10/26/2019 10:06:45 am,3.2439999999999998,3.59,1.74
10/26/2019 10:06:45 am,3.245,3.21,1.98
10/26/2019 10:06:45 am,3.2460000000000004,3.62,1.9
10/26/2019 10:06:45 am,3.247,2.75,1.25
10/26/2019 10:06:45 am,3.248,3.24,2.09
10/26/2019 10:06:45 am,3.2489999999999997,3.73,2.26
10/26/2019 10:06:45 am,3.25,2.94,2.14
10/26/2019 10:06:45 am,3.2510000000000003,3.4,2.41
10/26/2019 10:06:45 am,3.252,3.1,1.71
10/26/2019 10:06:45 am,3.253,3.62,1.85
10/26/2019 10:06:45 am,3.2539999999999996,3.56,1.6
10/26/2019 10:06:45 am,3.255,2.59,1.53
10/26/2019 10:06:45 am,3.2560000000000002,2.86,2.33
10/26/2019 10:06:45 am,3.2569999999999997,3.29,1.85
10/26/2019 10:06:45 am,3.258,3.62,1.85
10/26/2019 10:06:45 am,3.259,3.21,1.93
10/26/2019 10:06:45 am,3.26,3.51,2.15
10/26/2019 10:06:45 am,3.261,3.73,1.53
10/26/2019 10:06:45 am,3.262,3.4,2.5
10/26/2019 10:06:45 am,3.263,3.51,2.01
10/26/2019 10:06:45 am,3.264,3.38,1.82
10/26/2019 10:06:45 am,3.265,3.0,2.07
10/26/2019 10:06:45 am,3.266,3.08,2.2
10/26/2019 10:06:45 am,3.267,3.32,2.22
10/26/2019 10:06:45 am,3.2680000000000002,3.62,1.9
10/26/2019 10:06:45 am,3.2689999999999997,3.29,1.74
10/26/2019 10:06:45 am,3.27,3.32,1.6
10/26/2019 10:06:45 am,3.2710000000000004,3.83,1.91
10/26/2019 10:06:45 am,3.272,3.51,2.06
10/26/2019 10:06:45 am,3.273,3.48,1.79
10/26/2019 10:06:45 am,3.2739999999999996,3.54,1.68
10/26/2019 10:06:45 am,3.275,3.13,1.82
10/26/2019 10:06:45 am,3.2760000000000002,3.62,1.61
10/26/2019 10:06:45 am,3.2769999999999997,3.13,1.85
10/26/2019 10:06:45 am,3.278,3.97,2.14
10/26/2019 10:06:45 am,3.279,3.13,2.28
10/26/2019 10:06:45 am,3.28,3.56,1.82
10/26/2019 10:06:45 am,3.281,3.38,1.85
10/26/2019 10:06:45 am,3.282,3.4,1.85
10/26/2019 10:06:45 am,3.283,3.11,2.03
10/26/2019 10:06:45 am,3.284,3.51,2.12
10/26/2019 10:06:45 am,3.285,2.97,1.9
10/26/2019 10:06:45 am,3.286,3.43,1.93
10/26/2019 10:06:45 am,3.287,3.08,2.12
10/26/2019 10:06:45 am,3.2880000000000003,3.43,2.01
10/26/2019 10:06:45 am,3.2889999999999997,3.02,2.55
10/26/2019 10:06:45 am,3.29,3.38,1.96
10/26/2019 10:06:45 am,3.2910000000000004,3.57,1.96
10/26/2019 10:06:45 am,3.292,3.27,2.25
10/26/2019 10:06:45 am,3.293,2.92,2.15
10/26/2019 10:06:45 am,3.2939999999999996,3.27,2.04
10/26/2019 10:06:45 am,3.295,3.54,2.01
10/26/2019 10:06:45 am,3.2960000000000003,2.92,2.01
10/26/2019 10:06:45 am,3.2969999999999997,3.08,2.15
10/26/2019 10:06:45 am,3.298,3.19,1.74
10/26/2019 10:06:45 am,3.299,2.78,1.55
10/26/2019 10:06:45 am,3.3,3.32,1.93
10/26/2019 10:06:45 am,3.301,2.75,1.6
10/26/2019 10:06:45 am,3.302,3.16,1.04
10/26/2019 10:06:45 am,3.303,3.38,1.61
10/26/2019 10:06:45 am,3.304,2.86,1.82
10/26/2019 10:06:45 am,3.305,3.16,1.93
10/26/2019 10:06:45 am,3.306,2.92,2.09
10/26/2019 10:06:45 am,3.307,2.92,1.61
10/26/2019 10:06:45 am,3.3080000000000003,2.92,1.31
10/26/2019 10:06:45 am,3.3089999999999997,3.35,1.66
10/26/2019 10:06:45 am,3.31,3.21,1.61
10/26/2019 10:06:45 am,3.3110000000000004,3.46,1.23
10/26/2019 10:06:45 am,3.312,2.97,1.39
10/26/2019 10:06:45 am,3.313,3.75,1.77
10/26/2019 10:06:45 am,3.3139999999999996,3.51,1.58
10/26/2019 10:06:45 am,3.315,3.08,1.36
10/26/2019 10:06:45 am,3.3160000000000003,3.08,1.44
10/26/2019 10:06:45 am,3.3169999999999997,3.0,1.69
10/26/2019 10:06:45 am,3.318,2.73,1.34
10/26/2019 10:06:45 am,3.319,3.0,1.58
10/26/2019 10:06:45 am,3.32,2.75,1.74
10/26/2019 10:06:45 am,3.321,3.13,1.26
10/26/2019 10:06:45 am,3.322,2.65,1.36
10/26/2019 10:06:45 am,3.323,2.75,1.71
10/26/2019 10:06:45 am,3.324,3.05,1.5
10/26/2019 10:06:45 am,3.325,2.73,1.39
10/26/2019 10:06:45 am,3.326,3.35,1.63
10/26/2019 10:06:45 am,3.327,3.02,1.74
10/26/2019 10:06:45 am,3.3280000000000003,2.67,1.66
10/26/2019 10:06:45 am,3.3289999999999997,3.35,1.77
10/26/2019 10:06:45 am,3.33,3.21,1.34
10/26/2019 10:06:45 am,3.3310000000000004,2.78,1.58
10/26/2019 10:06:45 am,3.332,2.81,1.44
10/26/2019 10:06:45 am,3.333,3.11,1.63
10/26/2019 10:06:45 am,3.3339999999999996,3.29,1.88
10/26/2019 10:06:45 am,3.335,3.35,1.53
10/26/2019 10:06:45 am,3.3360000000000003,3.21,1.82
10/26/2019 10:06:45 am,3.3369999999999997,3.24,1.96
10/26/2019 10:06:45 am,3.338,3.1,1.58
10/26/2019 10:06:45 am,3.339,3.16,1.69
10/26/2019 10:06:45 am,3.34,2.94,1.76
10/26/2019 10:06:45 am,3.341,3.05,1.71
10/26/2019 10:06:45 am,3.342,2.94,1.36
10/26/2019 10:06:45 am,3.343,3.43,1.71
10/26/2019 10:06:45 am,3.344,3.02,1.69
10/26/2019 10:06:45 am,3.345,2.97,1.77
10/26/2019 10:06:45 am,3.346,3.35,1.72
10/26/2019 10:06:45 am,3.347,2.86,1.85
10/26/2019 10:06:45 am,3.3480000000000003,2.78,1.85
10/26/2019 10:06:45 am,3.3489999999999998,3.21,1.71
10/26/2019 10:06:45 am,3.35,3.21,2.58
10/26/2019 10:06:45 am,3.3510000000000004,3.08,1.77
10/26/2019 10:06:45 am,3.352,3.43,1.8
10/26/2019 10:06:45 am,3.353,3.03,1.91
10/26/2019 10:06:45 am,3.3539999999999996,3.51,1.93
10/26/2019 10:06:45 am,3.355,3.21,1.74
10/26/2019 10:06:45 am,3.3560000000000003,3.02,1.42
10/26/2019 10:06:45 am,3.3569999999999998,3.19,2.09
10/26/2019 10:06:45 am,3.358,3.24,1.69
10/26/2019 10:06:45 am,3.359,3.19,1.82
10/26/2019 10:06:45 am,3.36,3.16,2.09
10/26/2019 10:06:45 am,3.361,3.21,1.88
10/26/2019 10:06:45 am,3.362,3.54,2.55
10/26/2019 10:06:45 am,3.363,3.27,1.76
10/26/2019 10:06:45 am,3.364,3.24,2.04
10/26/2019 10:06:45 am,3.365,3.13,2.12
10/26/2019 10:06:45 am,3.366,3.56,1.79
10/26/2019 10:06:45 am,3.367,3.19,2.06
10/26/2019 10:06:45 am,3.3680000000000003,3.05,1.77
10/26/2019 10:06:45 am,3.3689999999999998,3.54,1.96
10/26/2019 10:06:45 am,3.37,3.32,1.71
10/26/2019 10:06:45 am,3.3710000000000004,3.35,2.11
10/26/2019 10:06:45 am,3.372,3.24,1.79
10/26/2019 10:06:45 am,3.373,3.37,1.85
10/26/2019 10:06:45 am,3.3739999999999997,3.56,1.9
10/26/2019 10:06:45 am,3.375,3.1,1.44
10/26/2019 10:06:45 am,3.3760000000000003,3.64,2.41
10/26/2019 10:06:45 am,3.377,3.38,2.44
10/26/2019 10:06:45 am,3.378,3.89,2.28
10/26/2019 10:06:45 am,3.3789999999999996,3.54,2.38
10/26/2019 10:06:45 am,3.38,3.24,2.44
10/26/2019 10:06:45 am,3.3810000000000002,3.46,2.03
10/26/2019 10:06:45 am,3.3819999999999997,2.97,1.95
10/26/2019 10:06:45 am,3.383,3.48,2.2
10/26/2019 10:06:45 am,3.384,3.43,2.72
10/26/2019 10:06:45 am,3.385,3.56,1.95
10/26/2019 10:06:45 am,3.386,3.67,2.5
10/26/2019 10:06:45 am,3.387,3.7,2.36
10/26/2019 10:06:45 am,3.388,3.94,2.25
10/26/2019 10:06:45 am,3.389,3.64,2.39
10/26/2019 10:06:45 am,3.39,3.43,1.65
10/26/2019 10:06:45 am,3.391,3.4,1.79
10/26/2019 10:06:45 am,3.392,3.16,1.52
10/26/2019 10:06:45 am,3.3930000000000002,3.19,2.17
10/26/2019 10:06:45 am,3.3939999999999997,3.11,1.98
10/26/2019 10:06:45 am,3.395,3.4,1.85
10/26/2019 10:06:45 am,3.3960000000000004,3.29,2.04
10/26/2019 10:06:45 am,3.397,3.4,2.39
10/26/2019 10:06:45 am,3.398,3.0,2.15
10/26/2019 10:06:45 am,3.3989999999999996,3.35,1.47
10/26/2019 10:06:45 am,3.4,3.11,2.09
10/26/2019 10:06:45 am,3.4010000000000002,2.7,1.66
10/26/2019 10:06:45 am,3.4019999999999997,3.43,2.12
10/26/2019 10:06:45 am,3.403,3.43,1.88
10/26/2019 10:06:45 am,3.404,3.24,1.75
10/26/2019 10:06:45 am,3.405,3.24,2.14
10/26/2019 10:06:45 am,3.406,3.24,1.56
10/26/2019 10:06:45 am,3.407,2.86,1.55
10/26/2019 10:06:45 am,3.408,2.97,1.69
10/26/2019 10:06:45 am,3.409,2.81,1.77
10/26/2019 10:06:45 am,3.41,2.78,2.31
10/26/2019 10:06:45 am,3.411,2.81,1.77
10/26/2019 10:06:45 am,3.412,2.56,1.53
10/26/2019 10:06:45 am,3.4130000000000003,3.29,2.07
10/26/2019 10:06:45 am,3.4139999999999997,3.03,1.69
10/26/2019 10:06:45 am,3.415,2.78,1.6
10/26/2019 10:06:45 am,3.4160000000000004,3.16,1.39
10/26/2019 10:06:45 am,3.417,3.35,1.71
10/26/2019 10:06:45 am,3.418,2.73,1.57
10/26/2019 10:06:45 am,3.4189999999999996,2.84,1.82
10/26/2019 10:06:45 am,3.42,2.94,1.04
10/26/2019 10:06:45 am,3.4210000000000003,3.51,1.26
10/26/2019 10:06:45 am,3.4219999999999997,2.27,1.2
10/26/2019 10:06:45 am,3.423,3.08,1.82
10/26/2019 10:06:45 am,3.424,3.27,1.36
10/26/2019 10:06:45 am,3.425,2.84,1.63
10/26/2019 10:06:45 am,3.426,2.43,1.58
10/26/2019 10:06:45 am,3.427,2.86,1.48
10/26/2019 10:06:45 am,3.428,3.32,1.66
10/26/2019 10:06:45 am,3.429,2.62,1.36
10/26/2019 10:06:45 am,3.43,2.81,1.69
10/26/2019 10:06:45 am,3.431,2.86,1.8
10/26/2019 10:06:45 am,3.432,2.92,1.98
10/26/2019 10:06:45 am,3.4330000000000003,3.08,1.77
10/26/2019 10:06:45 am,3.4339999999999997,3.19,1.58
10/26/2019 10:06:45 am,3.435,3.27,2.01
10/26/2019 10:06:45 am,3.4360000000000004,2.81,1.23
10/26/2019 10:06:45 am,3.437,3.29,1.82
10/26/2019 10:06:45 am,3.438,2.48,1.15
10/26/2019 10:06:45 am,3.4389999999999996,3.0,1.34
10/26/2019 10:06:45 am,3.44,3.05,1.66
10/26/2019 10:06:45 am,3.4410000000000003,2.92,1.58
10/26/2019 10:06:45 am,3.4419999999999997,2.81,1.8
10/26/2019 10:06:45 am,3.443,3.62,1.96
10/26/2019 10:06:45 am,3.444,3.24,1.42
10/26/2019 10:06:45 am,3.445,3.08,1.52
10/26/2019 10:06:45 am,3.446,3.19,1.31
10/26/2019 10:06:45 am,3.447,3.43,1.8
10/26/2019 10:06:45 am,3.448,2.89,1.34
10/26/2019 10:06:45 am,3.449,3.24,1.85
10/26/2019 10:06:45 am,3.45,3.24,1.77
10/26/2019 10:06:45 am,3.451,3.16,1.53
10/26/2019 10:06:45 am,3.452,3.29,1.69
10/26/2019 10:06:45 am,3.4530000000000003,3.08,1.98
10/26/2019 10:06:45 am,3.4539999999999997,2.78,1.85
10/26/2019 10:06:45 am,3.455,3.08,2.04
10/26/2019 10:06:45 am,3.4560000000000004,2.89,1.69
10/26/2019 10:06:45 am,3.457,2.73,1.88
10/26/2019 10:06:45 am,3.458,2.97,2.31
10/26/2019 10:06:45 am,3.4589999999999996,2.84,2.09
10/26/2019 10:06:45 am,3.46,2.94,2.18
10/26/2019 10:06:45 am,3.4610000000000003,3.27,2.15
10/26/2019 10:06:45 am,3.4619999999999997,3.24,1.42
10/26/2019 10:06:45 am,3.463,3.3,2.28
10/26/2019 10:06:45 am,3.464,3.62,1.68
10/26/2019 10:06:45 am,3.465,3.51,2.44
10/26/2019 10:06:45 am,3.466,3.4,2.07
10/26/2019 10:06:45 am,3.467,3.19,2.09
10/26/2019 10:06:45 am,3.468,3.4,2.49
10/26/2019 10:06:45 am,3.469,3.32,2.14
10/26/2019 10:06:45 am,3.47,3.38,1.85
10/26/2019 10:06:45 am,3.471,3.27,2.07
10/26/2019 10:06:45 am,3.472,3.4,2.31
10/26/2019 10:06:45 am,3.4730000000000003,3.08,1.87
10/26/2019 10:06:45 am,3.4739999999999998,3.43,1.98
10/26/2019 10:06:45 am,3.475,3.08,1.66
10/26/2019 10:06:45 am,3.4760000000000004,3.37,1.69
10/26/2019 10:06:45 am,3.477,3.27,1.93
10/26/2019 10:06:45 am,3.478,3.13,1.77
10/26/2019 10:06:45 am,3.4789999999999996,3.05,1.85
10/26/2019 10:06:45 am,3.48,3.43,2.03
10/26/2019 10:06:45 am,3.4810000000000003,3.46,2.74
10/26/2019 10:06:45 am,3.4819999999999998,3.35,1.58
10/26/2019 10:06:45 am,3.483,3.67,2.37
10/26/2019 10:06:45 am,3.484,3.03,1.9
10/26/2019 10:06:45 am,3.485,3.37,2.09
10/26/2019 10:06:45 am,3.486,3.73,2.25
10/26/2019 10:06:45 am,3.487,3.75,2.04
10/26/2019 10:06:45 am,3.488,3.32,1.84
10/26/2019 10:06:45 am,3.489,3.48,1.87
10/26/2019 10:06:45 am,3.49,3.05,2.06
10/26/2019 10:06:45 am,3.491,3.38,2.28
10/26/2019 10:06:45 am,3.492,3.37,2.23
10/26/2019 10:06:45 am,3.4930000000000003,3.27,2.25
10/26/2019 10:06:45 am,3.4939999999999998,3.51,2.02
10/26/2019 10:06:45 am,3.495,3.86,2.11
10/26/2019 10:06:45 am,3.4960000000000004,3.62,2.2
10/26/2019 10:06:45 am,3.497,3.21,1.93
10/26/2019 10:06:45 am,3.498,3.49,2.22
10/26/2019 10:06:45 am,3.4989999999999997,3.37,2.15
10/26/2019 10:06:45 am,3.5,3.24,1.93
10/26/2019 10:06:45 am,3.5010000000000003,3.13,2.31
10/26/2019 10:06:45 am,3.502,3.54,2.2
10/26/2019 10:06:45 am,3.503,3.18,1.82
10/26/2019 10:06:45 am,3.5039999999999996,3.21,2.09
10/26/2019 10:06:45 am,3.505,3.59,2.12
10/26/2019 10:06:45 am,3.5060000000000002,3.02,1.82
10/26/2019 10:06:45 am,3.5069999999999997,3.29,1.47
10/26/2019 10:06:45 am,3.508,3.05,1.98
10/26/2019 10:06:45 am,3.509,3.13,1.98
10/26/2019 10:06:45 am,3.51,3.32,1.82
10/26/2019 10:06:45 am,3.511,2.78,2.18
10/26/2019 10:06:45 am,3.512,3.57,2.41
10/26/2019 10:06:45 am,3.513,3.24,1.66
10/26/2019 10:06:45 am,3.514,3.57,1.77
10/26/2019 10:06:45 am,3.515,2.81,1.69
10/26/2019 10:06:45 am,3.516,3.08,2.23
10/26/2019 10:06:45 am,3.517,2.89,2.25
10/26/2019 10:06:45 am,3.5180000000000002,3.4,1.47
10/26/2019 10:06:45 am,3.5189999999999997,3.16,1.34
10/26/2019 10:06:45 am,3.52,2.86,1.98
10/26/2019 10:06:45 am,3.5210000000000004,3.4,1.74
10/26/2019 10:06:45 am,3.522,3.43,1.82
10/26/2019 10:06:45 am,3.523,3.13,1.75
10/26/2019 10:06:45 am,3.5239999999999996,3.32,1.09
10/26/2019 10:06:45 am,3.525,2.7,1.93
10/26/2019 10:06:45 am,3.5260000000000002,3.24,2.09
10/26/2019 10:06:45 am,3.5269999999999997,3.24,1.69
10/26/2019 10:06:45 am,3.528,3.08,1.58
10/26/2019 10:06:45 am,3.529,2.94,1.23
10/26/2019 10:06:45 am,3.53,3.19,1.66
10/26/2019 10:06:45 am,3.531,3.35,1.52
10/26/2019 10:06:45 am,3.532,2.73,1.85
10/26/2019 10:06:45 am,3.533,3.46,1.77
10/26/2019 10:06:45 am,3.534,3.11,1.71
10/26/2019 10:06:45 am,3.535,2.97,1.85
10/26/2019 10:06:45 am,3.536,2.89,1.58
10/26/2019 10:06:45 am,3.537,3.29,1.96
10/26/2019 10:06:45 am,3.5380000000000003,3.11,1.85
10/26/2019 10:06:45 am,3.5389999999999997,2.65,1.91
10/26/2019 10:06:45 am,3.54,3.19,1.15
10/26/2019 10:06:45 am,3.5410000000000004,2.84,1.26
10/26/2019 10:06:45 am,3.542,2.92,1.52
10/26/2019 10:06:45 am,3.543,2.94,1.66
10/26/2019 10:06:45 am,3.5439999999999996,3.05,1.85
10/26/2019 10:06:45 am,3.545,2.94,1.56
10/26/2019 10:06:45 am,3.5460000000000003,3.4,1.66
10/26/2019 10:06:45 am,3.5469999999999997,3.24,1.61
10/26/2019 10:06:45 am,3.548,2.62,2.18
10/26/2019 10:06:45 am,3.549,2.92,1.88
10/26/2019 10:06:45 am,3.55,3.19,1.49
10/26/2019 10:06:45 am,3.551,3.21,1.5
10/26/2019 10:06:45 am,3.552,3.21,1.91
10/26/2019 10:06:45 am,3.553,3.19,1.6
10/26/2019 10:06:45 am,3.554,2.75,1.93
10/26/2019 10:06:45 am,3.555,3.27,1.36
10/26/2019 10:06:45 am,3.556,2.76,1.74
10/26/2019 10:06:45 am,3.557,2.95,2.04
10/26/2019 10:06:45 am,3.5580000000000003,3.11,2.04
10/26/2019 10:06:45 am,3.5589999999999997,3.32,2.11
10/26/2019 10:06:45 am,3.56,3.08,1.5
10/26/2019 10:06:45 am,3.5610000000000004,3.27,1.63
10/26/2019 10:06:45 am,3.562,3.19,1.44
10/26/2019 10:06:45 am,3.563,3.32,1.93
10/26/2019 10:06:45 am,3.5639999999999996,3.05,1.33
10/26/2019 10:06:45 am,3.565,3.0,1.63
10/26/2019 10:06:45 am,3.5660000000000003,3.19,2.12
10/26/2019 10:06:45 am,3.5669999999999997,3.05,2.2
10/26/2019 10:06:45 am,3.568,3.59,1.66
10/26/2019 10:06:45 am,3.569,3.75,2.01
10/26/2019 10:06:45 am,3.57,3.02,2.34
10/26/2019 10:06:45 am,3.571,2.89,2.36
10/26/2019 10:06:45 am,3.572,2.81,1.49
10/26/2019 10:06:45 am,3.573,3.56,1.99
10/26/2019 10:06:45 am,3.574,3.65,1.71
10/26/2019 10:06:45 am,3.575,3.24,1.09
10/26/2019 10:06:45 am,3.576,3.4,2.28
10/26/2019 10:06:45 am,3.577,3.24,1.93
10/26/2019 10:06:45 am,3.5780000000000003,3.51,1.85
10/26/2019 10:06:45 am,3.5789999999999997,3.29,1.77
10/26/2019 10:06:45 am,3.58,3.4,1.68
10/26/2019 10:06:45 am,3.5810000000000004,3.46,1.42
10/26/2019 10:06:45 am,3.582,3.43,1.85
10/26/2019 10:06:45 am,3.583,3.73,1.6
10/26/2019 10:06:45 am,3.5839999999999996,3.49,2.07
10/26/2019 10:06:45 am,3.585,3.0,2.12
10/26/2019 10:06:45 am,3.5860000000000003,3.32,2.15
10/26/2019 10:06:45 am,3.5869999999999997,3.35,1.96
10/26/2019 10:06:45 am,3.588,3.46,2.14
10/26/2019 10:06:45 am,3.589,3.54,2.36
10/26/2019 10:06:45 am,3.59,3.62,1.92
10/26/2019 10:06:45 am,3.591,3.32,1.63
10/26/2019 10:06:45 am,3.592,3.27,1.77
10/26/2019 10:06:45 am,3.593,3.24,1.88
10/26/2019 10:06:45 am,3.594,3.46,2.09
10/26/2019 10:06:45 am,3.595,3.48,2.17
10/26/2019 10:06:45 am,3.596,3.54,1.96
10/26/2019 10:06:45 am,3.597,3.7,2.36
10/26/2019 10:06:45 am,3.5980000000000003,3.29,2.22
10/26/2019 10:06:45 am,3.5989999999999998,3.3,2.33
10/26/2019 10:06:45 am,3.6,3.24,2.01
10/26/2019 10:06:45 am,3.6010000000000004,3.16,2.1
10/26/2019 10:06:45 am,3.602,3.48,2.28
10/26/2019 10:06:45 am,3.603,3.37,2.12
10/26/2019 10:06:45 am,3.6039999999999996,3.3,2.17
10/26/2019 10:06:45 am,3.605,3.0,2.69
10/26/2019 10:06:45 am,3.6060000000000003,2.84,1.58
10/26/2019 10:06:45 am,3.6069999999999998,3.19,1.37
10/26/2019 10:06:45 am,3.608,3.38,1.8
10/26/2019 10:06:45 am,3.609,3.46,2.12
10/26/2019 10:06:45 am,3.61,3.19,2.58
10/26/2019 10:06:45 am,3.611,2.84,2.15
10/26/2019 10:06:45 am,3.612,2.89,1.91
10/26/2019 10:06:45 am,3.613,3.13,1.96
10/26/2019 10:06:45 am,3.614,3.16,2.31
10/26/2019 10:06:45 am,3.615,3.0,1.79
10/26/2019 10:06:45 am,3.616,2.97,1.93
10/26/2019 10:06:45 am,3.617,3.08,2.09
10/26/2019 10:06:45 am,3.6180000000000003,3.02,1.93
10/26/2019 10:06:45 am,3.6189999999999998,3.35,1.91
10/26/2019 10:06:45 am,3.62,3.13,1.57
10/26/2019 10:06:45 am,3.6210000000000004,2.75,1.74
10/26/2019 10:06:45 am,3.622,3.19,1.47
10/26/2019 10:06:45 am,3.623,3.24,1.85
10/26/2019 10:06:45 am,3.6239999999999997,3.49,1.58
10/26/2019 10:06:45 am,3.625,2.89,1.83
10/26/2019 10:06:45 am,3.6260000000000003,3.27,1.36
10/26/2019 10:06:45 am,3.627,3.11,1.68
10/26/2019 10:06:45 am,3.628,3.54,1.64
10/26/2019 10:06:45 am,3.6289999999999996,3.08,1.39
10/26/2019 10:06:45 am,3.63,3.35,2.07
10/26/2019 10:06:45 am,3.6310000000000002,3.08,2.31
10/26/2019 10:06:45 am,3.6319999999999997,3.05,2.01
10/26/2019 10:06:45 am,3.633,3.24,1.79
10/26/2019 10:06:45 am,3.634,3.1,2.01
10/26/2019 10:06:45 am,3.635,3.11,2.15
10/26/2019 10:06:45 am,3.636,3.27,2.01
10/26/2019 10:06:45 am,3.637,3.0,1.96
10/26/2019 10:06:45 am,3.638,3.32,1.55
10/26/2019 10:06:45 am,3.639,3.65,1.77
10/26/2019 10:06:45 am,3.64,2.81,1.99
10/26/2019 10:06:45 am,3.641,3.32,2.26
10/26/2019 10:06:45 am,3.642,3.05,2.09
10/26/2019 10:06:45 am,3.6430000000000002,3.54,2.23
10/26/2019 10:06:45 am,3.6439999999999997,2.73,1.66
10/26/2019 10:06:45 am,3.645,3.3,1.58
10/26/2019 10:06:45 am,3.6460000000000004,3.32,2.36
10/26/2019 10:06:45 am,3.647,3.08,1.79
10/26/2019 10:06:45 am,3.648,3.19,1.93
10/26/2019 10:06:45 am,3.6489999999999996,2.81,1.85
10/26/2019 10:06:45 am,3.65,2.92,1.82
10/26/2019 10:06:45 am,3.6510000000000002,2.97,2.03
10/26/2019 10:06:45 am,3.6519999999999997,3.11,1.74
10/26/2019 10:06:45 am,3.653,3.29,2.09
10/26/2019 10:06:45 am,3.654,3.02,1.58
10/26/2019 10:06:45 am,3.655,3.4,1.61
10/26/2019 10:06:45 am,3.656,3.19,1.96
10/26/2019 10:06:45 am,3.657,3.08,1.83
10/26/2019 10:06:45 am,3.658,3.48,1.55
10/26/2019 10:06:45 am,3.659,2.86,2.18
10/26/2019 10:06:45 am,3.66,3.38,2.15
10/26/2019 10:06:45 am,3.661,3.11,1.69
10/26/2019 10:06:45 am,3.662,2.67,1.93
10/26/2019 10:06:45 am,3.6630000000000003,2.73,1.82
10/26/2019 10:06:45 am,3.6639999999999997,3.19,2.01
10/26/2019 10:06:45 am,3.665,3.05,1.64
10/26/2019 10:06:45 am,3.6660000000000004,2.92,1.71
10/26/2019 10:06:45 am,3.667,2.92,1.8
10/26/2019 10:06:45 am,3.668,2.67,2.23
10/26/2019 10:06:45 am,3.6689999999999996,3.27,1.87
10/26/2019 10:06:45 am,3.67,3.35,1.52
10/26/2019 10:06:45 am,3.6710000000000003,3.38,1.74
10/26/2019 10:06:45 am,3.6719999999999997,3.27,1.6
10/26/2019 10:06:45 am,3.673,2.56,2.2
10/26/2019 10:06:45 am,3.674,3.16,1.63
10/26/2019 10:06:45 am,3.675,3.51,2.01
10/26/2019 10:06:45 am,3.676,3.64,1.96
10/26/2019 10:06:45 am,3.677,3.27,1.63
10/26/2019 10:06:45 am,3.678,2.73,1.64
10/26/2019 10:06:45 am,3.679,3.37,1.58
10/26/2019 10:06:45 am,3.68,3.05,1.77
10/26/2019 10:06:45 am,3.681,3.08,1.58
10/26/2019 10:06:45 am,3.682,3.05,2.22
10/26/2019 10:06:45 am,3.6830000000000003,2.97,2.14
10/26/2019 10:06:45 am,3.6839999999999997,3.0,1.61
10/26/2019 10:06:45 am,3.685,3.84,1.69
10/26/2019 10:06:45 am,3.6860000000000004,3.13,1.84
10/26/2019 10:06:45 am,3.687,3.13,2.47
10/26/2019 10:06:45 am,3.688,3.56,2.28
10/26/2019 10:06:45 am,3.6889999999999996,3.32,1.63
10/26/2019 10:06:45 am,3.69,3.3,2.07
10/26/2019 10:06:45 am,3.6910000000000003,2.81,1.88
10/26/2019 10:06:45 am,3.6919999999999997,3.08,1.93
10/26/2019 10:06:45 am,3.693,3.73,2.09
10/26/2019 10:06:45 am,3.694,3.51,2.14
10/26/2019 10:06:45 am,3.695,3.38,1.88
10/26/2019 10:06:45 am,3.696,3.19,2.04
10/26/2019 10:06:45 am,3.697,3.19,1.5
10/26/2019 10:06:45 am,3.698,3.24,1.85
10/26/2019 10:06:45 am,3.699,3.57,1.93
10/26/2019 10:06:45 am,3.7,3.24,2.12
10/26/2019 10:06:45 am,3.701,3.35,2.25
10/26/2019 10:06:45 am,3.702,3.32,1.95
10/26/2019 10:06:45 am,3.7030000000000003,3.16,2.3
10/26/2019 10:06:45 am,3.7039999999999997,3.0,2.2
10/26/2019 10:06:45 am,3.705,3.03,2.06
10/26/2019 10:06:45 am,3.7060000000000004,3.19,2.31
10/26/2019 10:06:45 am,3.707,3.13,2.22
10/26/2019 10:06:45 am,3.708,3.48,1.6
10/26/2019 10:06:45 am,3.7089999999999996,3.0,2.23
10/26/2019 10:06:45 am,3.71,3.32,2.12
10/26/2019 10:06:45 am,3.7110000000000003,3.19,2.12
10/26/2019 10:06:45 am,3.7119999999999997,3.24,1.85
10/26/2019 10:06:45 am,3.713,3.81,2.01
10/26/2019 10:06:45 am,3.714,3.13,1.8
10/26/2019 10:06:45 am,3.715,2.94,1.93
10/26/2019 10:06:45 am,3.716,3.43,1.98
10/26/2019 10:06:45 am,3.717,3.27,1.64
10/26/2019 10:06:45 am,3.718,3.21,1.96
10/26/2019 10:06:45 am,3.719,3.56,2.34
10/26/2019 10:06:45 am,3.72,3.75,2.44
10/26/2019 10:06:45 am,3.721,3.54,1.87
10/26/2019 10:06:45 am,3.722,3.0,2.07
10/26/2019 10:06:45 am,3.7230000000000003,3.08,2.23
10/26/2019 10:06:45 am,3.7239999999999998,3.35,1.87
10/26/2019 10:06:45 am,3.725,3.27,2.18
10/26/2019 10:06:45 am,3.7260000000000004,3.11,2.31
10/26/2019 10:06:45 am,3.727,3.35,1.77
10/26/2019 10:06:45 am,3.728,3.11,2.15
10/26/2019 10:06:45 am,3.7289999999999996,2.64,1.58
10/26/2019 10:06:45 am,3.73,3.49,2.15
10/26/2019 10:06:45 am,3.7310000000000003,3.54,2.34
10/26/2019 10:06:45 am,3.7319999999999998,3.21,1.74
10/26/2019 10:06:45 am,3.733,2.94,1.87
10/26/2019 10:06:45 am,3.734,3.03,2.15
10/26/2019 10:06:45 am,3.735,3.43,2.01
10/26/2019 10:06:45 am,3.736,3.16,2.28
10/26/2019 10:06:45 am,3.737,2.89,1.79
10/26/2019 10:06:45 am,3.738,3.35,2.25
10/26/2019 10:06:45 am,3.739,3.24,1.91
10/26/2019 10:06:45 am,3.74,3.48,1.93
10/26/2019 10:06:45 am,3.741,2.92,1.88
10/26/2019 10:06:45 am,3.742,2.94,1.8
10/26/2019 10:06:45 am,3.7430000000000003,3.11,1.45
10/26/2019 10:06:45 am,3.7439999999999998,3.32,1.87
10/26/2019 10:06:45 am,3.745,3.35,1.93
10/26/2019 10:06:45 am,3.7460000000000004,3.35,1.61
10/26/2019 10:06:45 am,3.747,3.32,1.75
10/26/2019 10:06:45 am,3.748,3.43,1.55
10/26/2019 10:06:45 am,3.7489999999999997,2.86,1.85
10/26/2019 10:06:45 am,3.75,3.43,1.9
10/26/2019 10:06:45 am,3.7510000000000003,3.08,1.66
10/26/2019 10:06:45 am,3.752,3.32,1.44
10/26/2019 10:06:45 am,3.753,3.35,1.8
10/26/2019 10:06:45 am,3.7539999999999996,2.81,1.5
10/26/2019 10:06:45 am,3.755,3.16,1.66
10/26/2019 10:06:45 am,3.7560000000000002,3.46,1.58
10/26/2019 10:06:45 am,3.7569999999999997,3.24,1.09
10/26/2019 10:06:45 am,3.758,3.03,1.8
10/26/2019 10:06:45 am,3.759,2.97,1.9
10/26/2019 10:06:45 am,3.76,3.03,1.44
10/26/2019 10:06:45 am,3.761,3.0,1.85
10/26/2019 10:06:45 am,3.762,3.59,1.34
10/26/2019 10:06:45 am,3.763,3.43,1.12
10/26/2019 10:06:45 am,3.764,3.51,1.72
10/26/2019 10:06:45 am,3.765,3.21,2.26
10/26/2019 10:06:45 am,3.766,3.29,1.93
10/26/2019 10:06:45 am,3.767,3.05,1.74
10/26/2019 10:06:45 am,3.7680000000000002,2.97,1.98
10/26/2019 10:06:45 am,3.7689999999999997,3.11,1.66
10/26/2019 10:06:45 am,3.77,2.81,1.88
10/26/2019 10:06:45 am,3.7710000000000004,3.48,2.23
10/26/2019 10:06:45 am,3.772,3.0,1.71
10/26/2019 10:06:45 am,3.773,3.19,1.99
10/26/2019 10:06:45 am,3.7739999999999996,3.32,2.36
10/26/2019 10:06:45 am,3.775,3.19,1.74
10/26/2019 10:06:45 am,3.7760000000000002,2.92,1.98
10/26/2019 10:06:45 am,3.7769999999999997,3.32,1.71
10/26/2019 10:06:45 am,3.778,3.0,2.1
10/26/2019 10:06:45 am,3.779,3.08,1.71
10/26/2019 10:06:45 am,3.78,3.21,2.09
10/26/2019 10:06:45 am,3.781,3.13,1.55
10/26/2019 10:06:45 am,3.782,3.08,1.63
10/26/2019 10:06:45 am,3.783,3.16,1.93
10/26/2019 10:06:45 am,3.784,2.97,2.07
10/26/2019 10:06:45 am,3.785,3.51,1.88
10/26/2019 10:06:45 am,3.786,3.54,1.74
10/26/2019 10:06:45 am,3.787,3.57,1.77
10/26/2019 10:06:45 am,3.7880000000000003,3.73,1.85
10/26/2019 10:06:45 am,3.7889999999999997,3.4,2.2
10/26/2019 10:06:45 am,3.79,2.89,1.77
10/26/2019 10:06:45 am,3.7910000000000004,3.13,1.42
10/26/2019 10:06:45 am,3.792,3.05,2.01
10/26/2019 10:06:45 am,3.793,3.32,1.55
10/26/2019 10:06:45 am,3.7939999999999996,3.4,1.88
10/26/2019 10:06:45 am,3.795,3.43,1.85
10/26/2019 10:06:45 am,3.7960000000000003,3.16,2.15
10/26/2019 10:06:45 am,3.7969999999999997,3.24,2.01
10/26/2019 10:06:45 am,3.798,3.54,1.71
10/26/2019 10:06:45 am,3.799,3.08,1.87
10/26/2019 10:06:45 am,3.8,3.32,1.82
10/26/2019 10:06:45 am,3.801,3.3,2.31
10/26/2019 10:06:45 am,3.802,3.11,1.9
10/26/2019 10:06:45 am,3.803,3.13,2.37
10/26/2019 10:06:45 am,3.804,3.24,1.77
10/26/2019 10:06:45 am,3.805,3.46,1.83
10/26/2019 10:06:45 am,3.806,3.29,1.9
10/26/2019 10:06:45 am,3.807,3.05,1.85
10/26/2019 10:06:45 am,3.8080000000000003,2.89,2.25
10/26/2019 10:06:45 am,3.8089999999999997,3.4,1.79
10/26/2019 10:06:45 am,3.81,3.27,2.09
10/26/2019 10:06:45 am,3.8110000000000004,3.27,1.9
10/26/2019 10:06:45 am,3.812,3.32,2.04
10/26/2019 10:06:45 am,3.813,3.19,2.09
10/26/2019 10:06:45 am,3.8139999999999996,3.08,2.71
10/26/2019 10:06:45 am,3.815,3.54,2.37
10/26/2019 10:06:45 am,3.8160000000000003,3.38,2.2
10/26/2019 10:06:45 am,3.8169999999999997,3.48,2.17
10/26/2019 10:06:45 am,3.818,3.54,2.36
10/26/2019 10:06:45 am,3.819,3.32,2.36
10/26/2019 10:06:45 am,3.82,3.27,2.12
10/26/2019 10:06:45 am,3.821,3.46,1.85
10/26/2019 10:06:45 am,3.822,3.24,2.17
10/26/2019 10:06:45 am,3.823,3.03,2.3
10/26/2019 10:06:45 am,3.824,3.59,2.17
10/26/2019 10:06:45 am,3.825,3.57,2.01
10/26/2019 10:06:45 am,3.826,3.43,1.74
10/26/2019 10:06:45 am,3.827,3.35,2.38
10/26/2019 10:06:45 am,3.8280000000000003,3.29,2.36
10/26/2019 10:06:45 am,3.8289999999999997,3.46,2.01
10/26/2019 10:06:45 am,3.83,3.16,2.28
10/26/2019 10:06:45 am,3.8310000000000004,3.51,2.22
10/26/2019 10:06:45 am,3.832,3.59,2.33
10/26/2019 10:06:45 am,3.833,3.38,1.77
10/26/2019 10:06:45 am,3.8339999999999996,3.43,2.33
10/26/2019 10:06:45 am,3.835,3.27,2.01
10/26/2019 10:06:45 am,3.8360000000000003,3.19,1.99
10/26/2019 10:06:45 am,3.8369999999999997,3.73,2.17
10/26/2019 10:06:45 am,3.838,3.64,2.2
10/26/2019 10:06:45 am,3.839,3.3,2.06
10/26/2019 10:06:45 am,3.84,2.97,1.98
10/26/2019 10:06:45 am,3.841,3.13,1.83
10/26/2019 10:06:45 am,3.842,3.54,1.53
10/26/2019 10:06:45 am,3.843,3.29,1.66
10/26/2019 10:06:45 am,3.844,3.38,1.77
10/26/2019 10:06:45 am,3.845,3.43,1.74
10/26/2019 10:06:45 am,3.846,3.11,1.69
10/26/2019 10:06:45 am,3.847,2.83,1.98
10/26/2019 10:06:45 am,3.8480000000000003,3.4,1.83
10/26/2019 10:06:45 am,3.8489999999999998,2.64,1.63
10/26/2019 10:06:45 am,3.85,3.08,1.36
10/26/2019 10:06:45 am,3.8510000000000004,3.05,1.66
10/26/2019 10:06:45 am,3.852,2.86,2.04
10/26/2019 10:06:45 am,3.853,2.89,1.91
10/26/2019 10:06:45 am,3.8539999999999996,2.65,1.69
10/26/2019 10:06:45 am,3.855,3.0,1.77
10/26/2019 10:06:45 am,3.8560000000000003,3.27,1.58
10/26/2019 10:06:45 am,3.8569999999999998,2.89,1.72
10/26/2019 10:06:45 am,3.858,3.32,1.66
10/26/2019 10:06:45 am,3.859,2.81,1.44
10/26/2019 10:06:45 am,3.86,3.13,2.04
10/26/2019 10:06:45 am,3.861,3.11,1.63
10/26/2019 10:06:45 am,3.862,3.43,1.96
10/26/2019 10:06:45 am,3.863,2.84,1.63
10/26/2019 10:06:45 am,3.864,3.0,1.77
10/26/2019 10:06:45 am,3.865,2.83,2.13
10/26/2019 10:06:45 am,3.866,2.67,1.69
10/26/2019 10:06:45 am,3.867,3.08,1.45
10/26/2019 10:06:45 am,3.8680000000000003,3.3,1.8
10/26/2019 10:06:45 am,3.8689999999999998,2.97,1.85
10/26/2019 10:06:45 am,3.87,2.78,2.1
10/26/2019 10:06:45 am,3.8710000000000004,3.35,1.66
10/26/2019 10:06:45 am,3.872,3.19,2.31
10/26/2019 10:06:45 am,3.873,2.73,1.55
10/26/2019 10:06:45 am,3.8739999999999997,2.97,2.09
10/26/2019 10:06:45 am,3.875,2.57,1.88
10/26/2019 10:06:45 am,3.8760000000000003,2.97,2.1
10/26/2019 10:06:45 am,3.877,3.11,2.01
10/26/2019 10:06:45 am,3.878,2.81,2.17
10/26/2019 10:06:45 am,3.8789999999999996,3.27,1.5
10/26/2019 10:06:45 am,3.88,3.19,2.18
10/26/2019 10:06:45 am,3.8810000000000002,3.11,1.93
10/26/2019 10:06:45 am,3.8819999999999997,3.35,1.5
10/26/2019 10:06:45 am,3.883,3.43,1.85
10/26/2019 10:06:45 am,3.884,2.86,1.72
10/26/2019 10:06:45 am,3.885,3.24,2.04
10/26/2019 10:06:45 am,3.886,3.0,2.01
10/26/2019 10:06:45 am,3.887,2.89,1.8
10/26/2019 10:06:45 am,3.888,3.54,1.63
10/26/2019 10:06:45 am,3.889,3.51,1.69
10/26/2019 10:06:45 am,3.89,2.84,1.45
10/26/2019 10:06:45 am,3.891,3.08,2.07
10/26/2019 10:06:45 am,3.892,3.35,1.85
10/26/2019 10:06:45 am,3.8930000000000002,3.38,2.07
10/26/2019 10:06:45 am,3.8939999999999997,3.13,1.91
10/26/2019 10:06:45 am,3.895,2.86,1.72
10/26/2019 10:06:45 am,3.8960000000000004,3.46,1.66
10/26/2019 10:06:45 am,3.897,3.38,2.01
10/26/2019 10:06:45 am,3.898,3.32,1.85
10/26/2019 10:06:45 am,3.8989999999999996,3.46,1.58
10/26/2019 10:06:45 am,3.9,3.35,1.8
10/26/2019 10:06:45 am,3.9010000000000002,3.54,1.72
10/26/2019 10:06:45 am,3.9019999999999997,3.4,1.66
10/26/2019 10:06:45 am,3.903,3.13,1.34
10/26/2019 10:06:45 am,3.904,3.08,1.5
10/26/2019 10:06:45 am,3.905,3.35,2.34
10/26/2019 10:06:45 am,3.906,3.02,1.91
10/26/2019 10:06:45 am,3.907,3.48,1.64
10/26/2019 10:06:45 am,3.908,3.35,1.77
10/26/2019 10:06:45 am,3.909,3.4,1.77
10/26/2019 10:06:45 am,3.91,3.27,1.74
10/26/2019 10:06:45 am,3.911,3.51,2.2
10/26/2019 10:06:45 am,3.912,3.19,1.82
10/26/2019 10:06:45 am,3.9130000000000003,2.86,2.52
10/26/2019 10:06:45 am,3.9139999999999997,3.08,1.96
10/26/2019 10:06:45 am,3.915,3.4,1.85
10/26/2019 10:06:45 am,3.9160000000000004,3.21,1.98
10/26/2019 10:06:45 am,3.917,2.89,1.99
10/26/2019 10:06:45 am,3.918,3.27,2.01
10/26/2019 10:06:45 am,3.9189999999999996,3.62,2.12
10/26/2019 10:06:45 am,3.92,3.0,2.06
10/26/2019 10:06:45 am,3.9210000000000003,3.08,2.28
10/26/2019 10:06:45 am,3.9219999999999997,3.32,1.79
10/26/2019 10:06:45 am,3.923,3.46,1.95
10/26/2019 10:06:45 am,3.924,3.76,1.82
10/26/2019 10:06:45 am,3.925,3.46,2.01
10/26/2019 10:06:45 am,3.926,3.65,1.71
10/26/2019 10:06:45 am,3.927,3.62,1.88
10/26/2019 10:06:45 am,3.928,3.57,2.23
10/26/2019 10:06:45 am,3.929,3.16,2.01
10/26/2019 10:06:45 am,3.93,3.24,1.79
10/26/2019 10:06:45 am,3.931,3.27,1.8
10/26/2019 10:06:45 am,3.932,3.32,1.9
10/26/2019 10:06:45 am,3.9330000000000003,3.08,2.25
10/26/2019 10:06:45 am,3.9339999999999997,3.16,2.15
10/26/2019 10:06:45 am,3.935,2.89,1.79
10/26/2019 10:06:45 am,3.9360000000000004,3.43,1.61
10/26/2019 10:06:45 am,3.937,3.19,2.23
10/26/2019 10:06:45 am,3.938,2.86,1.88
10/26/2019 10:06:45 am,3.9389999999999996,3.05,1.99
10/26/2019 10:06:45 am,3.94,3.4,2.18
10/26/2019 10:06:45 am,3.9410000000000003,3.4,2.39
10/26/2019 10:06:45 am,3.9419999999999997,3.57,1.9
10/26/2019 10:06:45 am,3.943,3.38,1.85
10/26/2019 10:06:45 am,3.944,3.65,1.77
10/26/2019 10:06:45 am,3.945,3.62,1.85
10/26/2019 10:06:45 am,3.946,3.08,2.18
10/26/2019 10:06:45 am,3.947,3.24,1.76
10/26/2019 10:06:45 am,3.948,3.4,1.66
10/26/2019 10:06:45 am,3.949,3.16,1.9
10/26/2019 10:06:45 am,3.95,2.94,1.9
10/26/2019 10:06:45 am,3.951,3.05,1.9
10/26/2019 10:06:45 am,3.952,2.97,2.04
10/26/2019 10:06:45 am,3.9530000000000003,3.05,1.66
10/26/2019 10:06:45 am,3.9539999999999997,2.81,1.71
10/26/2019 10:06:45 am,3.955,3.46,1.83
10/26/2019 10:06:45 am,3.9560000000000004,3.16,1.63
10/26/2019 10:06:45 am,3.957,2.94,1.93
10/26/2019 10:06:45 am,3.958,3.49,2.28
10/26/2019 10:06:45 am,3.9589999999999996,3.02,1.94
10/26/2019 10:06:45 am,3.96,3.24,1.64
10/26/2019 10:06:45 am,3.9610000000000003,3.62,1.61
10/26/2019 10:06:45 am,3.9619999999999997,3.13,1.74
10/26/2019 10:06:45 am,3.963,3.38,1.85
10/26/2019 10:06:45 am,3.964,3.51,2.15
10/26/2019 10:06:45 am,3.965,3.67,2.42
10/26/2019 10:06:45 am,3.966,3.08,1.79
10/26/2019 10:06:45 am,3.967,3.08,1.88
10/26/2019 10:06:45 am,3.968,3.0,2.26
10/26/2019 10:06:45 am,3.969,3.35,1.85
10/26/2019 10:06:45 am,3.97,3.62,1.9
10/26/2019 10:06:45 am,3.971,3.57,1.94
10/26/2019 10:06:45 am,3.972,2.84,1.95
10/26/2019 10:06:45 am,3.9730000000000003,3.21,1.93
10/26/2019 10:06:45 am,3.9739999999999998,3.35,1.55
10/26/2019 10:06:45 am,3.975,3.21,1.88
10/26/2019 10:06:45 am,3.9760000000000004,3.35,1.5
10/26/2019 10:06:45 am,3.977,3.38,1.63
10/26/2019 10:06:45 am,3.978,2.92,1.96
10/26/2019 10:06:45 am,3.9789999999999996,2.94,1.79
10/26/2019 10:06:45 am,3.98,3.35,1.77
10/26/2019 10:06:45 am,3.9810000000000003,2.92,1.58
10/26/2019 10:06:45 am,3.9819999999999998,3.38,1.66
10/26/2019 10:06:45 am,3.983,2.94,1.98
10/26/2019 10:06:45 am,3.984,3.05,1.96
10/26/2019 10:06:45 am,3.985,3.05,1.69
10/26/2019 10:06:45 am,3.986,2.92,1.41
10/26/2019 10:06:45 am,3.987,3.06,2.28
10/26/2019 10:06:45 am,3.988,3.27,1.74
10/26/2019 10:06:45 am,3.989,2.94,1.9
10/26/2019 10:06:45 am,3.99,3.08,1.69
10/26/2019 10:06:45 am,3.991,3.38,1.83
10/26/2019 10:06:45 am,3.992,3.16,1.63
10/26/2019 10:06:45 am,3.9930000000000003,3.43,1.63
10/26/2019 10:06:45 am,3.9939999999999998,2.95,2.1
10/26/2019 10:06:45 am,3.995,3.43,1.64
10/26/2019 10:06:45 am,3.9960000000000004,3.24,1.69
10/26/2019 10:06:45 am,3.997,3.43,1.68
10/26/2019 10:06:45 am,3.998,2.92,1.47
10/26/2019 10:06:45 am,3.9989999999999997,2.75,1.55
10/26/2019 10:06:46 am,4.0,2.94,1.47
10/26/2019 10:06:46 am,4.001,3.19,1.44
10/26/2019 10:06:46 am,4.002,3.62,1.85
10/26/2019 10:06:46 am,4.003,3.24,1.79
10/26/2019 10:06:46 am,4.004,3.38,2.26
10/26/2019 10:06:46 am,4.005,2.94,2.28
10/26/2019 10:06:46 am,4.006,2.84,1.58
10/26/2019 10:06:46 am,4.007,3.21,1.61
10/26/2019 10:06:46 am,4.008,3.32,1.66
10/26/2019 10:06:46 am,4.0089999999999995,3.24,2.1
10/26/2019 10:06:46 am,4.01,3.35,1.79
10/26/2019 10:06:46 am,4.011,3.48,1.93
10/26/2019 10:06:46 am,4.012,2.83,1.85
10/26/2019 10:06:46 am,4.013,3.43,2.04
10/26/2019 10:06:46 am,4.013999999999999,3.32,1.74
10/26/2019 10:06:46 am,4.015,3.13,2.17
10/26/2019 10:06:46 am,4.016,3.08,2.4
10/26/2019 10:06:46 am,4.0169999999999995,2.89,2.01
10/26/2019 10:06:46 am,4.018,3.21,1.82
10/26/2019 10:06:46 am,4.019,3.32,1.42
10/26/2019 10:06:46 am,4.02,3.51,2.01
10/26/2019 10:06:46 am,4.021,3.65,1.42
10/26/2019 10:06:46 am,4.022,3.48,2.01
10/26/2019 10:06:46 am,4.023,3.38,2.07
10/26/2019 10:06:46 am,4.024,3.46,1.6
10/26/2019 10:06:46 am,4.025,3.05,1.58
10/26/2019 10:06:46 am,4.026,3.16,2.01
10/26/2019 10:06:46 am,4.027,2.81,2.1
10/26/2019 10:06:46 am,4.0280000000000005,3.51,1.93
10/26/2019 10:06:46 am,4.029,3.32,2.07
10/26/2019 10:06:46 am,4.03,3.24,1.88
10/26/2019 10:06:46 am,4.031000000000001,3.24,1.99
10/26/2019 10:06:46 am,4.032,3.56,1.96
10/26/2019 10:06:46 am,4.033,3.38,2.09
10/26/2019 10:06:46 am,4.034,3.67,1.88
10/26/2019 10:06:46 am,4.035,2.89,2.52
10/26/2019 10:06:46 am,4.0360000000000005,3.78,2.04
10/26/2019 10:06:46 am,4.037,3.57,2.02
10/26/2019 10:06:46 am,4.038,3.02,1.9
10/26/2019 10:06:46 am,4.039,3.21,2.18
10/26/2019 10:06:46 am,4.04,3.73,2.28
10/26/2019 10:06:46 am,4.041,3.48,1.74
10/26/2019 10:06:46 am,4.042,3.4,2.39
10/26/2019 10:06:46 am,4.043,3.54,2.25
10/26/2019 10:06:46 am,4.044,3.64,1.9
10/26/2019 10:06:46 am,4.045,3.43,2.12
10/26/2019 10:06:46 am,4.046,3.27,1.85
10/26/2019 10:06:46 am,4.047,3.46,1.64
10/26/2019 10:06:46 am,4.048,2.67,1.66
10/26/2019 10:06:46 am,4.0489999999999995,3.0,1.98
10/26/2019 10:06:46 am,4.05,3.48,1.88
10/26/2019 10:06:46 am,4.051,3.59,2.2
10/26/2019 10:06:46 am,4.052,3.24,1.9
10/26/2019 10:06:46 am,4.053,3.0,1.8
10/26/2019 10:06:46 am,4.053999999999999,3.21,1.93
10/26/2019 10:06:46 am,4.055,3.32,2.2
10/26/2019 10:06:46 am,4.056,3.03,2.1
10/26/2019 10:06:46 am,4.0569999999999995,3.43,2.12
10/26/2019 10:06:46 am,4.058,3.3,2.01
10/26/2019 10:06:46 am,4.059,3.38,1.74
10/26/2019 10:06:46 am,4.06,3.78,1.55
10/26/2019 10:06:46 am,4.061,2.89,1.85
10/26/2019 10:06:46 am,4.062,3.19,1.66
10/26/2019 10:06:46 am,4.063,3.43,1.76
10/26/2019 10:06:46 am,4.064,3.48,2.12
10/26/2019 10:06:46 am,4.065,3.13,2.04
10/26/2019 10:06:46 am,4.066,3.18,1.53
10/26/2019 10:06:46 am,4.067,3.0,1.33
10/26/2019 10:06:46 am,4.0680000000000005,3.38,1.39
10/26/2019 10:06:46 am,4.069,3.29,1.74
10/26/2019 10:06:46 am,4.07,2.7,1.88
10/26/2019 10:06:46 am,4.071000000000001,3.13,2.07
10/26/2019 10:06:46 am,4.072,3.08,1.9
10/26/2019 10:06:46 am,4.073,3.4,2.04
10/26/2019 10:06:46 am,4.074,3.19,1.79
10/26/2019 10:06:46 am,4.075,3.46,2.2
10/26/2019 10:06:46 am,4.0760000000000005,3.51,1.9
10/26/2019 10:06:46 am,4.077,3.16,1.58
10/26/2019 10:06:46 am,4.078,3.32,1.72
10/26/2019 10:06:46 am,4.079,3.3,1.61
10/26/2019 10:06:46 am,4.08,2.97,1.2
10/26/2019 10:06:46 am,4.081,3.3,1.36
10/26/2019 10:06:46 am,4.082,3.19,1.42
10/26/2019 10:06:46 am,4.083,3.24,1.75
10/26/2019 10:06:46 am,4.084,3.05,1.63
10/26/2019 10:06:46 am,4.085,2.73,1.56
10/26/2019 10:06:46 am,4.086,3.38,1.44
10/26/2019 10:06:46 am,4.087,3.21,1.28
10/26/2019 10:06:46 am,4.088,2.92,1.5
10/26/2019 10:06:46 am,4.0889999999999995,3.0,1.61
10/26/2019 10:06:46 am,4.09,2.92,1.66
10/26/2019 10:06:46 am,4.091,3.03,2.02
10/26/2019 10:06:46 am,4.092,2.59,1.63
10/26/2019 10:06:46 am,4.093,2.92,1.85
10/26/2019 10:06:46 am,4.093999999999999,2.57,1.61
10/26/2019 10:06:46 am,4.095,3.1,1.85
10/26/2019 10:06:46 am,4.096,2.59,1.83
10/26/2019 10:06:46 am,4.0969999999999995,3.03,1.82
10/26/2019 10:06:46 am,4.098,2.89,1.75
10/26/2019 10:06:46 am,4.099,3.13,1.72
10/26/2019 10:06:46 am,4.1,3.16,1.96
10/26/2019 10:06:46 am,4.101,3.13,1.55
10/26/2019 10:06:46 am,4.102,3.13,1.74
10/26/2019 10:06:46 am,4.103,2.65,1.82
10/26/2019 10:06:46 am,4.104,3.19,1.99
10/26/2019 10:06:46 am,4.105,3.46,1.61
10/26/2019 10:06:46 am,4.106,3.13,1.74
10/26/2019 10:06:46 am,4.107,3.27,1.88
10/26/2019 10:06:46 am,4.1080000000000005,3.05,1.91
10/26/2019 10:06:46 am,4.109,3.56,1.82
10/26/2019 10:06:46 am,4.11,3.3,2.15
10/26/2019 10:06:46 am,4.111000000000001,3.27,1.85
10/26/2019 10:06:46 am,4.112,3.43,2.22
10/26/2019 10:06:46 am,4.113,3.49,1.55
10/26/2019 10:06:46 am,4.114,3.21,1.71
10/26/2019 10:06:46 am,4.115,3.3,1.34
10/26/2019 10:06:46 am,4.1160000000000005,3.19,2.18
10/26/2019 10:06:46 am,4.117,3.78,1.6
10/26/2019 10:06:46 am,4.118,3.24,1.64
10/26/2019 10:06:46 am,4.119,3.62,2.04
10/26/2019 10:06:46 am,4.12,3.16,1.96
10/26/2019 10:06:46 am,4.121,3.21,1.8
10/26/2019 10:06:46 am,4.122,3.59,1.93
10/26/2019 10:06:46 am,4.123,3.4,2.17
10/26/2019 10:06:46 am,4.124,3.49,1.66
10/26/2019 10:06:46 am,4.125,3.57,1.93
10/26/2019 10:06:46 am,4.126,2.94,1.88
10/26/2019 10:06:46 am,4.127,3.3,1.68
10/26/2019 10:06:46 am,4.128,3.59,2.31
10/26/2019 10:06:46 am,4.129,3.43,1.96
10/26/2019 10:06:46 am,4.13,3.3,1.99
10/26/2019 10:06:46 am,4.131,3.48,2.28
10/26/2019 10:06:46 am,4.132,3.08,1.85
10/26/2019 10:06:46 am,4.133,3.73,2.33
10/26/2019 10:06:46 am,4.1339999999999995,3.46,1.87
10/26/2019 10:06:46 am,4.135,3.56,1.87
10/26/2019 10:06:46 am,4.136,3.65,1.95
10/26/2019 10:06:46 am,4.137,3.38,1.96
10/26/2019 10:06:46 am,4.138,3.57,2.2
10/26/2019 10:06:46 am,4.138999999999999,3.62,2.12
10/26/2019 10:06:46 am,4.14,3.59,1.58
10/26/2019 10:06:46 am,4.141,3.0,2.12
10/26/2019 10:06:46 am,4.1419999999999995,3.67,2.01
10/26/2019 10:06:46 am,4.143,2.92,2.47
10/26/2019 10:06:46 am,4.144,3.32,1.8
10/26/2019 10:06:46 am,4.145,3.32,2.2
10/26/2019 10:06:46 am,4.146,3.35,2.12
10/26/2019 10:06:46 am,4.147,3.43,2.09
10/26/2019 10:06:46 am,4.148,2.97,2.17
10/26/2019 10:06:46 am,4.149,3.32,1.96
10/26/2019 10:06:46 am,4.15,3.67,1.68
10/26/2019 10:06:46 am,4.151,3.67,1.69
10/26/2019 10:06:46 am,4.152,3.4,1.96
10/26/2019 10:06:46 am,4.1530000000000005,3.19,1.69
10/26/2019 10:06:46 am,4.154,3.03,1.85
10/26/2019 10:06:46 am,4.155,3.7,1.9
10/26/2019 10:06:46 am,4.156000000000001,3.32,1.93
10/26/2019 10:06:46 am,4.157,2.92,1.58
10/26/2019 10:06:46 am,4.158,2.89,2.15
10/26/2019 10:06:46 am,4.159,3.27,1.9
10/26/2019 10:06:46 am,4.16,3.0,1.79
10/26/2019 10:06:46 am,4.1610000000000005,3.05,1.52
10/26/2019 10:06:46 am,4.162,3.19,1.79
10/26/2019 10:06:46 am,4.163,3.27,1.99
10/26/2019 10:06:46 am,4.164,3.14,1.79
10/26/2019 10:06:46 am,4.165,3.4,2.12
10/26/2019 10:06:46 am,4.166,3.4,2.09
10/26/2019 10:06:46 am,4.167,3.16,1.58
10/26/2019 10:06:46 am,4.168,3.05,1.88
10/26/2019 10:06:46 am,4.169,3.27,1.6
10/26/2019 10:06:46 am,4.17,3.38,1.55
10/26/2019 10:06:46 am,4.171,3.03,1.88
10/26/2019 10:06:46 am,4.172,3.3,2.14
10/26/2019 10:06:46 am,4.173,3.32,1.82
10/26/2019 10:06:46 am,4.1739999999999995,3.05,1.45
10/26/2019 10:06:46 am,4.175,2.97,1.85
10/26/2019 10:06:46 am,4.176,3.11,1.82
10/26/2019 10:06:46 am,4.177,3.16,1.88
10/26/2019 10:06:46 am,4.178,3.19,1.66
10/26/2019 10:06:46 am,4.178999999999999,2.89,1.47
10/26/2019 10:06:46 am,4.18,2.89,2.07
10/26/2019 10:06:46 am,4.181,3.49,1.69
10/26/2019 10:06:46 am,4.1819999999999995,3.08,2.1
10/26/2019 10:06:46 am,4.183,3.43,2.01
10/26/2019 10:06:46 am,4.184,3.48,1.82
10/26/2019 10:06:46 am,4.185,3.32,1.63
10/26/2019 10:06:46 am,4.186,3.35,1.77
10/26/2019 10:06:46 am,4.187,3.35,1.66
10/26/2019 10:06:46 am,4.188,3.13,1.72
10/26/2019 10:06:46 am,4.189,3.08,1.98
10/26/2019 10:06:46 am,4.19,3.0,2.23
10/26/2019 10:06:46 am,4.191,3.38,2.15
10/26/2019 10:06:46 am,4.192,3.3,1.93
10/26/2019 10:06:46 am,4.1930000000000005,3.11,1.5
10/26/2019 10:06:46 am,4.194,3.4,2.15
10/26/2019 10:06:46 am,4.195,3.16,2.2
10/26/2019 10:06:46 am,4.196000000000001,3.7,1.39
10/26/2019 10:06:46 am,4.197,3.27,2.17
10/26/2019 10:06:46 am,4.198,2.92,1.96
10/26/2019 10:06:46 am,4.199,3.16,1.77
10/26/2019 10:06:46 am,4.2,3.03,2.04
10/26/2019 10:06:46 am,4.2010000000000005,2.78,2.23
10/26/2019 10:06:46 am,4.202,3.19,1.85
10/26/2019 10:06:46 am,4.203,3.08,1.66
10/26/2019 10:06:46 am,4.204,3.19,1.8
10/26/2019 10:06:46 am,4.205,2.97,1.79
10/26/2019 10:06:46 am,4.206,3.21,1.58
10/26/2019 10:06:46 am,4.207,2.86,2.07
10/26/2019 10:06:46 am,4.208,2.86,1.77
10/26/2019 10:06:46 am,4.209,3.08,2.53
10/26/2019 10:06:46 am,4.21,3.21,2.12
10/26/2019 10:06:46 am,4.211,3.4,2.2
10/26/2019 10:06:46 am,4.212,3.32,1.82
10/26/2019 10:06:46 am,4.213,3.13,1.85
10/26/2019 10:06:46 am,4.2139999999999995,2.92,1.58
10/26/2019 10:06:46 am,4.215,3.24,2.04
10/26/2019 10:06:46 am,4.216,3.0,1.88
10/26/2019 10:06:46 am,4.217,3.24,2.26
10/26/2019 10:06:46 am,4.218,3.21,1.74
10/26/2019 10:06:46 am,4.218999999999999,3.73,2.15
10/26/2019 10:06:46 am,4.22,3.38,1.66
10/26/2019 10:06:46 am,4.221,3.35,1.93
10/26/2019 10:06:46 am,4.2219999999999995,3.62,2.1
10/26/2019 10:06:46 am,4.223,3.02,1.93
10/26/2019 10:06:46 am,4.224,3.35,1.99
10/26/2019 10:06:46 am,4.225,3.13,1.52
10/26/2019 10:06:46 am,4.226,3.02,1.31
10/26/2019 10:06:46 am,4.227,3.4,2.2
10/26/2019 10:06:46 am,4.228,3.19,1.85
10/26/2019 10:06:46 am,4.229,3.32,1.85
10/26/2019 10:06:46 am,4.23,3.11,2.15
10/26/2019 10:06:46 am,4.231,3.32,2.36
10/26/2019 10:06:46 am,4.232,3.43,1.77
10/26/2019 10:06:46 am,4.2330000000000005,3.24,2.07
10/26/2019 10:06:46 am,4.234,3.4,1.9
10/26/2019 10:06:46 am,4.235,3.89,2.06
10/26/2019 10:06:46 am,4.236000000000001,3.46,2.02
10/26/2019 10:06:46 am,4.237,3.57,1.82
10/26/2019 10:06:46 am,4.238,2.84,2.09
10/26/2019 10:06:46 am,4.239,3.54,2.04
10/26/2019 10:06:46 am,4.24,3.27,1.61
10/26/2019 10:06:46 am,4.2410000000000005,3.13,2.12
10/26/2019 10:06:46 am,4.242,2.86,2.44
10/26/2019 10:06:46 am,4.243,3.13,2.06
10/26/2019 10:06:46 am,4.244,3.4,1.93
10/26/2019 10:06:46 am,4.245,3.13,2.28
10/26/2019 10:06:46 am,4.246,3.81,2.23
10/26/2019 10:06:46 am,4.247,2.97,2.06
10/26/2019 10:06:46 am,4.248,3.13,2.28
10/26/2019 10:06:46 am,4.249,3.24,2.31
10/26/2019 10:06:46 am,4.25,3.57,2.12
10/26/2019 10:06:46 am,4.251,3.27,2.15
10/26/2019 10:06:46 am,4.252,3.3,1.61
10/26/2019 10:06:46 am,4.253,3.59,1.82
10/26/2019 10:06:46 am,4.254,3.62,1.93
10/26/2019 10:06:46 am,4.255,3.27,1.9
10/26/2019 10:06:46 am,4.256,3.57,2.18
10/26/2019 10:06:46 am,4.257,2.84,2.23
10/26/2019 10:06:46 am,4.258,2.92,1.91
10/26/2019 10:06:46 am,4.2589999999999995,3.73,1.85
10/26/2019 10:06:46 am,4.26,3.32,1.96
10/26/2019 10:06:46 am,4.261,3.24,1.96
10/26/2019 10:06:46 am,4.262,3.4,1.87
10/26/2019 10:06:46 am,4.263,3.21,2.17
10/26/2019 10:06:46 am,4.263999999999999,3.03,1.9
10/26/2019 10:06:46 am,4.265,3.13,1.93
10/26/2019 10:06:46 am,4.266,3.35,1.93
10/26/2019 10:06:46 am,4.2669999999999995,3.21,2.15
10/26/2019 10:06:46 am,4.268,2.89,1.58
10/26/2019 10:06:46 am,4.269,3.21,1.69
10/26/2019 10:06:46 am,4.27,2.97,2.2
10/26/2019 10:06:46 am,4.271,2.94,2.04
10/26/2019 10:06:46 am,4.272,3.24,2.04
10/26/2019 10:06:46 am,4.273,3.32,2.13
10/26/2019 10:06:46 am,4.274,3.32,2.02
10/26/2019 10:06:46 am,4.275,3.57,1.83
10/26/2019 10:06:46 am,4.276,3.24,2.12
10/26/2019 10:06:46 am,4.277,3.27,1.02
10/26/2019 10:06:46 am,4.2780000000000005,3.24,2.23
10/26/2019 10:06:46 am,4.279,3.32,1.61
10/26/2019 10:06:46 am,4.28,2.86,2.01
10/26/2019 10:06:46 am,4.281000000000001,3.27,2.25
10/26/2019 10:06:46 am,4.282,3.08,1.61
10/26/2019 10:06:46 am,4.283,3.51,1.85
10/26/2019 10:06:46 am,4.284,3.08,1.47
10/26/2019 10:06:46 am,4.285,3.21,2.15
10/26/2019 10:06:46 am,4.2860000000000005,3.0,2.15
10/26/2019 10:06:46 am,4.287,2.68,1.93
10/26/2019 10:06:46 am,4.288,2.73,1.28
10/26/2019 10:06:46 am,4.289,3.16,1.99
10/26/2019 10:06:46 am,4.29,2.86,1.67
10/26/2019 10:06:46 am,4.291,2.7,1.58
10/26/2019 10:06:46 am,4.292,3.24,1.45
10/26/2019 10:06:46 am,4.293,3.57,1.5
10/26/2019 10:06:46 am,4.294,2.94,1.53
10/26/2019 10:06:46 am,4.295,3.21,1.45
10/26/2019 10:06:46 am,4.296,3.16,1.99
10/26/2019 10:06:46 am,4.297,3.24,1.9
10/26/2019 10:06:46 am,4.298,3.3,1.71
10/26/2019 10:06:46 am,4.2989999999999995,2.84,1.88
10/26/2019 10:06:46 am,4.3,3.65,1.42
10/26/2019 10:06:46 am,4.301,3.24,1.82
10/26/2019 10:06:46 am,4.302,3.43,1.82
10/26/2019 10:06:46 am,4.303,3.59,1.5
10/26/2019 10:06:46 am,4.303999999999999,3.27,1.42
10/26/2019 10:06:46 am,4.305,3.16,1.5
10/26/2019 10:06:46 am,4.306,3.46,1.55
10/26/2019 10:06:46 am,4.3069999999999995,3.11,1.71
10/26/2019 10:06:46 am,4.308,3.24,1.55
10/26/2019 10:06:46 am,4.309,3.27,1.2
10/26/2019 10:06:46 am,4.31,3.65,1.63
10/26/2019 10:06:46 am,4.311,3.57,1.52
10/26/2019 10:06:46 am,4.312,3.49,1.87
10/26/2019 10:06:46 am,4.313,3.57,1.68
10/26/2019 10:06:46 am,4.314,3.19,1.49
10/26/2019 10:06:46 am,4.315,3.27,1.66
10/26/2019 10:06:46 am,4.316,2.92,1.47
10/26/2019 10:06:46 am,4.317,3.16,1.74
10/26/2019 10:06:46 am,4.3180000000000005,3.54,1.52
10/26/2019 10:06:46 am,4.319,3.21,2.39
10/26/2019 10:06:46 am,4.32,3.27,2.01
10/26/2019 10:06:46 am,4.321000000000001,3.35,2.06
10/26/2019 10:06:46 am,4.322,3.32,1.87
10/26/2019 10:06:46 am,4.323,3.3,2.14
10/26/2019 10:06:46 am,4.324,3.38,1.8
10/26/2019 10:06:46 am,4.325,3.27,1.71
10/26/2019 10:06:46 am,4.3260000000000005,3.11,2.28
10/26/2019 10:06:46 am,4.327,2.84,2.2
10/26/2019 10:06:46 am,4.328,3.19,1.88
10/26/2019 10:06:46 am,4.329,3.08,1.39
10/26/2019 10:06:46 am,4.33,3.4,1.69
10/26/2019 10:06:46 am,4.331,3.4,1.74
10/26/2019 10:06:46 am,4.332,3.3,1.69
10/26/2019 10:06:46 am,4.333,2.86,2.07
10/26/2019 10:06:46 am,4.334,3.3,1.58
10/26/2019 10:06:46 am,4.335,3.43,1.66
10/26/2019 10:06:46 am,4.336,3.56,1.74
10/26/2019 10:06:46 am,4.337,3.65,1.6
10/26/2019 10:06:46 am,4.338,3.32,1.9
10/26/2019 10:06:46 am,4.3389999999999995,3.24,2.04
10/26/2019 10:06:46 am,4.34,3.05,1.74
10/26/2019 10:06:46 am,4.341,3.48,1.85
10/26/2019 10:06:46 am,4.342,3.13,2.17
10/26/2019 10:06:46 am,4.343,3.19,1.95
10/26/2019 10:06:46 am,4.343999999999999,3.3,1.93
10/26/2019 10:06:46 am,4.345,3.43,1.87
10/26/2019 10:06:46 am,4.346,3.16,2.28
10/26/2019 10:06:46 am,4.3469999999999995,3.32,1.88
10/26/2019 10:06:46 am,4.348,3.16,1.93
10/26/2019 10:06:46 am,4.349,2.89,2.15
10/26/2019 10:06:46 am,4.35,3.0,1.66
10/26/2019 10:06:46 am,4.351,3.3,2.11
10/26/2019 10:06:46 am,4.352,3.57,2.28
10/26/2019 10:06:46 am,4.353,3.19,2.04
10/26/2019 10:06:46 am,4.354,3.4,1.85
10/26/2019 10:06:46 am,4.355,3.54,1.72
10/26/2019 10:06:46 am,4.356,3.54,1.63
10/26/2019 10:06:46 am,4.357,3.46,1.95
10/26/2019 10:06:46 am,4.3580000000000005,2.89,2.04
10/26/2019 10:06:46 am,4.359,3.21,1.82
10/26/2019 10:06:46 am,4.36,2.97,1.77
10/26/2019 10:06:46 am,4.361000000000001,3.32,1.88
10/26/2019 10:06:46 am,4.362,3.3,1.79
10/26/2019 10:06:46 am,4.363,2.94,1.61
10/26/2019 10:06:46 am,4.364,3.16,2.12
10/26/2019 10:06:46 am,4.365,3.35,1.71
10/26/2019 10:06:46 am,4.3660000000000005,3.38,2.04
10/26/2019 10:06:46 am,4.367,3.35,2.2
10/26/2019 10:06:46 am,4.368,3.11,2.01
10/26/2019 10:06:46 am,4.369,3.54,1.88
10/26/2019 10:06:46 am,4.37,3.75,1.96
10/26/2019 10:06:46 am,4.371,3.27,1.79
10/26/2019 10:06:46 am,4.372,3.16,2.09
10/26/2019 10:06:46 am,4.373,3.35,1.85
10/26/2019 10:06:46 am,4.374,3.43,1.75
10/26/2019 10:06:46 am,4.375,3.32,2.26
10/26/2019 10:06:46 am,4.376,3.03,1.98
10/26/2019 10:06:46 am,4.377,3.19,1.9
10/26/2019 10:06:46 am,4.378,3.11,1.25
10/26/2019 10:06:46 am,4.379,2.92,1.88
10/26/2019 10:06:46 am,4.38,3.08,1.69
10/26/2019 10:06:46 am,4.381,3.16,1.98
10/26/2019 10:06:46 am,4.382,3.11,1.99
10/26/2019 10:06:46 am,4.383,3.35,1.88
10/26/2019 10:06:46 am,4.3839999999999995,2.86,1.5
10/26/2019 10:06:46 am,4.385,3.3,1.8
10/26/2019 10:06:46 am,4.386,3.62,1.63
10/26/2019 10:06:46 am,4.387,3.02,2.2
10/26/2019 10:06:46 am,4.388,3.19,2.04
10/26/2019 10:06:46 am,4.388999999999999,3.11,1.99
10/26/2019 10:06:46 am,4.39,3.48,1.47
10/26/2019 10:06:46 am,4.391,3.67,1.77
10/26/2019 10:06:46 am,4.3919999999999995,3.32,1.66
10/26/2019 10:06:46 am,4.393,3.03,1.77
10/26/2019 10:06:46 am,4.394,3.27,1.74
10/26/2019 10:06:46 am,4.395,2.84,1.63
10/26/2019 10:06:46 am,4.396,3.19,1.69
10/26/2019 10:06:46 am,4.397,2.76,1.39
10/26/2019 10:06:46 am,4.398,3.19,1.74
10/26/2019 10:06:46 am,4.399,3.24,1.58
10/26/2019 10:06:46 am,4.4,3.24,1.61
10/26/2019 10:06:46 am,4.401,2.84,1.55
10/26/2019 10:06:46 am,4.402,3.21,1.55
10/26/2019 10:06:46 am,4.4030000000000005,3.05,1.53
10/26/2019 10:06:46 am,4.404,2.94,1.64
10/26/2019 10:06:46 am,4.405,2.89,2.23
10/26/2019 10:06:46 am,4.406000000000001,3.02,1.8
10/26/2019 10:06:46 am,4.407,2.78,2.15
10/26/2019 10:06:46 am,4.408,2.97,1.63
10/26/2019 10:06:46 am,4.409,3.13,1.91
10/26/2019 10:06:46 am,4.41,3.24,1.85
10/26/2019 10:06:46 am,4.4110000000000005,3.16,1.22
10/26/2019 10:06:46 am,4.412,3.02,1.96
10/26/2019 10:06:46 am,4.413,3.48,2.39
10/26/2019 10:06:46 am,4.414,3.21,1.77
10/26/2019 10:06:46 am,4.415,3.3,2.2
10/26/2019 10:06:46 am,4.416,3.08,1.63
10/26/2019 10:06:46 am,4.417,3.22,1.56
10/26/2019 10:06:46 am,4.418,3.11,1.44
10/26/2019 10:06:46 am,4.419,3.08,1.93
10/26/2019 10:06:46 am,4.42,3.05,1.61
10/26/2019 10:06:46 am,4.421,3.29,1.79
10/26/2019 10:06:46 am,4.422,2.86,1.55
10/26/2019 10:06:46 am,4.423,3.46,1.8
10/26/2019 10:06:46 am,4.4239999999999995,3.43,2.04
10/26/2019 10:06:46 am,4.425,3.51,1.93
10/26/2019 10:06:46 am,4.426,3.13,1.85
10/26/2019 10:06:46 am,4.427,2.75,1.98
10/26/2019 10:06:46 am,4.428,3.32,2.12
10/26/2019 10:06:46 am,4.428999999999999,3.32,2.39
10/26/2019 10:06:46 am,4.43,3.0,1.88
10/26/2019 10:06:46 am,4.431,3.19,1.58
10/26/2019 10:06:46 am,4.4319999999999995,2.89,1.67
10/26/2019 10:06:46 am,4.433,3.19,1.44
10/26/2019 10:06:46 am,4.434,3.4,1.69
10/26/2019 10:06:46 am,4.435,3.51,2.02
10/26/2019 10:06:46 am,4.436,3.54,1.79
10/26/2019 10:06:46 am,4.437,3.24,1.9
10/26/2019 10:06:46 am,4.438,3.19,1.66
10/26/2019 10:06:46 am,4.439,3.4,2.17
10/26/2019 10:06:46 am,4.44,3.46,1.96
10/26/2019 10:06:46 am,4.441,3.76,1.74
10/26/2019 10:06:46 am,4.442,3.65,1.61
10/26/2019 10:06:46 am,4.4430000000000005,3.67,1.82
10/26/2019 10:06:46 am,4.444,3.67,1.52
10/26/2019 10:06:46 am,4.445,3.68,1.9
10/26/2019 10:06:46 am,4.446000000000001,3.49,1.61
10/26/2019 10:06:46 am,4.447,3.05,1.79
10/26/2019 10:06:46 am,4.448,3.16,1.53
10/26/2019 10:06:46 am,4.449,3.27,2.23
10/26/2019 10:06:46 am,4.45,3.54,2.31
10/26/2019 10:06:46 am,4.4510000000000005,3.62,1.96
10/26/2019 10:06:46 am,4.452,3.24,2.23
10/26/2019 10:06:46 am,4.453,2.89,2.15
10/26/2019 10:06:46 am,4.454,3.43,2.09
10/26/2019 10:06:46 am,4.455,3.13,1.68
10/26/2019 10:06:46 am,4.456,3.59,1.93
10/26/2019 10:06:46 am,4.457,3.4,1.85
10/26/2019 10:06:46 am,4.458,3.59,1.2
10/26/2019 10:06:46 am,4.459,3.24,2.33
10/26/2019 10:06:46 am,4.46,3.67,2.55
10/26/2019 10:06:46 am,4.461,3.38,2.14
10/26/2019 10:06:46 am,4.462,2.78,1.5
10/26/2019 10:06:46 am,4.463,3.13,1.99
10/26/2019 10:06:46 am,4.4639999999999995,3.65,2.2
10/26/2019 10:06:46 am,4.465,2.97,1.74
10/26/2019 10:06:46 am,4.466,3.13,1.77
10/26/2019 10:06:46 am,4.467,3.4,1.98
10/26/2019 10:06:46 am,4.468,3.24,1.82
10/26/2019 10:06:46 am,4.468999999999999,3.21,1.77
10/26/2019 10:06:46 am,4.47,3.54,2.39
10/26/2019 10:06:46 am,4.471,3.46,2.42
10/26/2019 10:06:46 am,4.4719999999999995,3.22,2.04
10/26/2019 10:06:46 am,4.473,3.56,1.98
10/26/2019 10:06:46 am,4.474,2.86,2.28
10/26/2019 10:06:46 am,4.475,2.92,2.25
10/26/2019 10:06:46 am,4.476,3.62,1.82
10/26/2019 10:06:46 am,4.477,3.43,2.01
10/26/2019 10:06:46 am,4.478,3.51,1.63
10/26/2019 10:06:46 am,4.479,3.19,1.63
10/26/2019 10:06:46 am,4.48,3.0,1.91
10/26/2019 10:06:46 am,4.481,3.22,1.74
10/26/2019 10:06:46 am,4.482,3.13,1.8
10/26/2019 10:06:46 am,4.4830000000000005,3.3,1.63
10/26/2019 10:06:46 am,4.484,3.11,1.77
10/26/2019 10:06:46 am,4.485,3.24,2.2
10/26/2019 10:06:46 am,4.486000000000001,3.3,1.98
10/26/2019 10:06:46 am,4.487,3.35,2.47
10/26/2019 10:06:46 am,4.488,2.95,1.96
10/26/2019 10:06:46 am,4.489,3.1,2.28
10/26/2019 10:06:46 am,4.49,3.32,2.26
10/26/2019 10:06:46 am,4.4910000000000005,3.43,2.01
10/26/2019 10:06:46 am,4.492,3.21,1.85
10/26/2019 10:06:46 am,4.493,3.13,1.83
10/26/2019 10:06:46 am,4.494,3.0,2.01
10/26/2019 10:06:46 am,4.495,3.24,1.34
10/26/2019 10:06:46 am,4.496,3.08,1.47
10/26/2019 10:06:46 am,4.497,2.86,2.09
10/26/2019 10:06:46 am,4.498,3.32,1.56
10/26/2019 10:06:46 am,4.499,3.35,1.36
10/26/2019 10:06:46 am,4.5,3.24,1.99
10/26/2019 10:06:46 am,4.501,2.73,1.56
10/26/2019 10:06:46 am,4.502,3.11,2.01
10/26/2019 10:06:46 am,4.503,3.21,1.9
10/26/2019 10:06:46 am,4.504,3.16,1.66
10/26/2019 10:06:46 am,4.505,2.57,1.58
10/26/2019 10:06:46 am,4.506,3.4,1.82
10/26/2019 10:06:46 am,4.507,3.21,1.77
10/26/2019 10:06:46 am,4.508,3.38,1.69
10/26/2019 10:06:46 am,4.5089999999999995,3.7,1.77
10/26/2019 10:06:46 am,4.51,2.81,1.93
10/26/2019 10:06:46 am,4.511,3.24,1.52
10/26/2019 10:06:46 am,4.512,3.13,2.31
10/26/2019 10:06:46 am,4.513,3.27,1.93
10/26/2019 10:06:46 am,4.513999999999999,3.57,2.01
10/26/2019 10:06:46 am,4.515,3.38,1.9
10/26/2019 10:06:46 am,4.516,3.32,1.96
10/26/2019 10:06:46 am,4.5169999999999995,3.21,1.55
10/26/2019 10:06:46 am,4.518,3.3,1.66
10/26/2019 10:06:46 am,4.519,3.03,1.66
10/26/2019 10:06:46 am,4.52,3.43,1.55
10/26/2019 10:06:46 am,4.521,3.62,2.04
10/26/2019 10:06:46 am,4.522,3.19,1.66
10/26/2019 10:06:46 am,4.523,3.51,1.63
10/26/2019 10:06:46 am,4.524,3.05,1.71
10/26/2019 10:06:46 am,4.525,3.08,2.04
10/26/2019 10:06:46 am,4.526,3.46,1.85
10/26/2019 10:06:46 am,4.527,3.3,2.6
10/26/2019 10:06:46 am,4.5280000000000005,3.51,1.85
10/26/2019 10:06:46 am,4.529,3.65,1.8
10/26/2019 10:06:46 am,4.53,3.32,1.69
10/26/2019 10:06:46 am,4.531000000000001,3.3,1.74
10/26/2019 10:06:46 am,4.532,3.02,1.66
10/26/2019 10:06:46 am,4.533,2.94,1.66
10/26/2019 10:06:46 am,4.534,3.32,1.17
10/26/2019 10:06:46 am,4.535,3.27,2.14
10/26/2019 10:06:46 am,4.5360000000000005,3.16,1.69
10/26/2019 10:06:46 am,4.537,3.27,1.93
10/26/2019 10:06:46 am,4.538,3.03,2.26
10/26/2019 10:06:46 am,4.539,3.3,1.88
10/26/2019 10:06:46 am,4.54,3.57,1.99
10/26/2019 10:06:46 am,4.541,3.27,1.9
10/26/2019 10:06:46 am,4.542,3.21,1.63
10/26/2019 10:06:46 am,4.543,3.19,1.64
10/26/2019 10:06:46 am,4.544,3.05,1.85
10/26/2019 10:06:46 am,4.545,3.19,1.55
10/26/2019 10:06:46 am,4.546,3.35,2.28
10/26/2019 10:06:46 am,4.547,3.35,2.2
10/26/2019 10:06:46 am,4.548,3.22,2.15
10/26/2019 10:06:46 am,4.5489999999999995,3.22,1.9
10/26/2019 10:06:46 am,4.55,3.3,2.45
10/26/2019 10:06:46 am,4.551,2.86,2.34
10/26/2019 10:06:46 am,4.552,3.54,2.44
10/26/2019 10:06:46 am,4.553,3.21,1.69
10/26/2019 10:06:46 am,4.553999999999999,2.73,1.71
10/26/2019 10:06:46 am,4.555,3.3,1.77
10/26/2019 10:06:46 am,4.556,3.57,2.12
10/26/2019 10:06:46 am,4.5569999999999995,3.59,2.12
10/26/2019 10:06:46 am,4.558,3.3,1.93
10/26/2019 10:06:46 am,4.559,3.59,1.98
10/26/2019 10:06:46 am,4.56,3.54,1.88
10/26/2019 10:06:46 am,4.561,3.67,1.93
10/26/2019 10:06:46 am,4.562,3.35,2.04
10/26/2019 10:06:46 am,4.563,3.46,1.93
10/26/2019 10:06:46 am,4.564,3.11,2.55
10/26/2019 10:06:46 am,4.565,2.92,2.01
10/26/2019 10:06:46 am,4.566,3.46,1.96
10/26/2019 10:06:46 am,4.567,3.27,1.69
10/26/2019 10:06:46 am,4.5680000000000005,3.35,2.09
10/26/2019 10:06:46 am,4.569,3.49,2.09
10/26/2019 10:06:46 am,4.57,3.11,2.04
10/26/2019 10:06:46 am,4.571000000000001,3.59,1.96
10/26/2019 10:06:46 am,4.572,3.38,1.79
10/26/2019 10:06:46 am,4.573,3.03,1.88
10/26/2019 10:06:46 am,4.574,3.24,1.72
10/26/2019 10:06:46 am,4.575,3.24,1.98
10/26/2019 10:06:46 am,4.5760000000000005,3.49,1.66
10/26/2019 10:06:46 am,4.577,3.57,1.88
10/26/2019 10:06:46 am,4.578,3.32,1.88
10/26/2019 10:06:46 am,4.579,2.81,1.77
10/26/2019 10:06:46 am,4.58,3.13,2.02
10/26/2019 10:06:46 am,4.581,3.13,2.09
10/26/2019 10:06:46 am,4.582,3.32,1.58
10/26/2019 10:06:46 am,4.583,3.27,2.17
10/26/2019 10:06:46 am,4.584,3.67,2.01
10/26/2019 10:06:46 am,4.585,3.43,2.12
10/26/2019 10:06:46 am,4.586,3.51,1.74
10/26/2019 10:06:46 am,4.587,3.38,1.68
10/26/2019 10:06:46 am,4.588,3.57,1.6
10/26/2019 10:06:46 am,4.5889999999999995,3.24,1.74
10/26/2019 10:06:46 am,4.59,3.13,2.01
10/26/2019 10:06:46 am,4.591,3.08,2.01
10/26/2019 10:06:46 am,4.592,3.65,1.47
10/26/2019 10:06:46 am,4.593,3.38,1.93
10/26/2019 10:06:46 am,4.593999999999999,3.0,1.85
10/26/2019 10:06:46 am,4.595,3.0,1.8
10/26/2019 10:06:46 am,4.596,3.49,1.74
10/26/2019 10:06:46 am,4.5969999999999995,3.21,1.66
10/26/2019 10:06:46 am,4.598,3.32,2.04
10/26/2019 10:06:46 am,4.599,3.05,1.88
10/26/2019 10:06:46 am,4.6,3.16,1.56
10/26/2019 10:06:46 am,4.601,3.0,1.58
10/26/2019 10:06:46 am,4.602,3.27,1.69
10/26/2019 10:06:46 am,4.603,3.3,2.15
10/26/2019 10:06:46 am,4.604,3.43,1.83
10/26/2019 10:06:46 am,4.605,3.13,1.77
10/26/2019 10:06:46 am,4.606,3.05,1.93
10/26/2019 10:06:46 am,4.607,3.32,1.96
10/26/2019 10:06:46 am,4.6080000000000005,3.67,2.04
10/26/2019 10:06:46 am,4.609,3.3,1.96
10/26/2019 10:06:46 am,4.61,3.35,1.93
10/26/2019 10:06:46 am,4.611000000000001,3.43,1.94
10/26/2019 10:06:46 am,4.612,3.48,1.91
10/26/2019 10:06:46 am,4.613,3.03,2.31
10/26/2019 10:06:46 am,4.614,2.86,1.69
10/26/2019 10:06:46 am,4.615,2.84,1.63
10/26/2019 10:06:46 am,4.6160000000000005,2.86,1.53
10/26/2019 10:06:46 am,4.617,3.11,2.04
10/26/2019 10:06:46 am,4.618,3.43,1.77
10/26/2019 10:06:46 am,4.619,2.95,1.74
10/26/2019 10:06:46 am,4.62,3.57,1.8
10/26/2019 10:06:46 am,4.621,3.27,1.63
10/26/2019 10:06:46 am,4.622,3.59,1.2
10/26/2019 10:06:46 am,4.623,3.59,2.17
10/26/2019 10:06:46 am,4.624,3.13,2.31
10/26/2019 10:06:46 am,4.625,3.49,1.96
10/26/2019 10:06:46 am,4.626,3.0,2.07
10/26/2019 10:06:46 am,4.627,3.27,2.01
10/26/2019 10:06:46 am,4.628,2.94,2.47
10/26/2019 10:06:46 am,4.629,3.03,2.01
10/26/2019 10:06:46 am,4.63,3.3,1.77
10/26/2019 10:06:46 am,4.631,3.03,1.69
10/26/2019 10:06:46 am,4.632,3.38,2.01
10/26/2019 10:06:46 am,4.633,3.59,2.04
10/26/2019 10:06:46 am,4.6339999999999995,3.35,2.15
10/26/2019 10:06:46 am,4.635,3.59,1.88
10/26/2019 10:06:46 am,4.636,3.03,1.93
10/26/2019 10:06:46 am,4.637,2.97,1.99
10/26/2019 10:06:46 am,4.638,3.08,1.86
10/26/2019 10:06:46 am,4.638999999999999,3.11,1.52
10/26/2019 10:06:46 am,4.64,3.49,1.85
10/26/2019 10:06:46 am,4.641,3.16,1.75
10/26/2019 10:06:46 am,4.6419999999999995,3.29,2.1
10/26/2019 10:06:46 am,4.643,2.78,1.71
10/26/2019 10:06:46 am,4.644,3.32,2.2
10/26/2019 10:06:46 am,4.645,3.35,1.96
10/26/2019 10:06:46 am,4.646,3.46,1.88
10/26/2019 10:06:46 am,4.647,3.49,2.28
10/26/2019 10:06:46 am,4.648,3.46,1.61
10/26/2019 10:06:46 am,4.649,3.38,1.96
10/26/2019 10:06:46 am,4.65,2.89,1.96
10/26/2019 10:06:46 am,4.651,3.16,2.05
10/26/2019 10:06:46 am,4.652,3.3,1.63
10/26/2019 10:06:46 am,4.6530000000000005,3.11,1.77
10/26/2019 10:06:46 am,4.654,2.84,1.56
10/26/2019 10:06:46 am,4.655,3.4,1.53
10/26/2019 10:06:46 am,4.656000000000001,3.11,2.07
10/26/2019 10:06:46 am,4.657,3.24,1.36
10/26/2019 10:06:46 am,4.658,2.57,1.61
10/26/2019 10:06:46 am,4.659,3.24,1.79
10/26/2019 10:06:46 am,4.66,3.43,1.88
10/26/2019 10:06:46 am,4.6610000000000005,3.32,1.72
10/26/2019 10:06:46 am,4.662,2.92,2.26
10/26/2019 10:06:46 am,4.663,3.08,1.77
10/26/2019 10:06:46 am,4.664,3.11,1.72
10/26/2019 10:06:46 am,4.665,3.22,2.07
10/26/2019 10:06:46 am,4.666,3.03,1.96
10/26/2019 10:06:46 am,4.667,3.43,1.93
10/26/2019 10:06:46 am,4.668,3.11,1.77
10/26/2019 10:06:46 am,4.669,3.24,2.01
10/26/2019 10:06:46 am,4.67,3.38,1.85
10/26/2019 10:06:46 am,4.671,3.3,1.31
10/26/2019 10:06:46 am,4.672,2.97,2.04
10/26/2019 10:06:46 am,4.673,3.24,1.71
10/26/2019 10:06:46 am,4.6739999999999995,2.84,1.85
10/26/2019 10:06:46 am,4.675,2.48,1.96
10/26/2019 10:06:46 am,4.676,3.08,2.05
10/26/2019 10:06:46 am,4.677,3.57,1.91
10/26/2019 10:06:46 am,4.678,3.62,1.77
10/26/2019 10:06:46 am,4.678999999999999,3.57,2.15
10/26/2019 10:06:46 am,4.68,3.22,1.66
10/26/2019 10:06:46 am,4.681,3.46,1.63
10/26/2019 10:06:46 am,4.6819999999999995,3.24,1.39
10/26/2019 10:06:46 am,4.683,3.4,2.28
10/26/2019 10:06:46 am,4.684,3.38,2.1
10/26/2019 10:06:46 am,4.685,3.16,1.93
10/26/2019 10:06:46 am,4.686,3.21,1.91
10/26/2019 10:06:46 am,4.687,3.38,2.2
10/26/2019 10:06:46 am,4.688,3.0,1.47
10/26/2019 10:06:46 am,4.689,3.38,2.28
10/26/2019 10:06:46 am,4.69,3.62,1.61
10/26/2019 10:06:46 am,4.691,3.4,2.04
10/26/2019 10:06:46 am,4.692,3.27,2.23
10/26/2019 10:06:46 am,4.6930000000000005,3.3,2.25
10/26/2019 10:06:46 am,4.694,3.08,1.96
10/26/2019 10:06:46 am,4.695,3.46,1.66
10/26/2019 10:06:46 am,4.696000000000001,3.78,1.9
10/26/2019 10:06:46 am,4.697,3.84,2.12
10/26/2019 10:06:46 am,4.698,3.46,2.42
10/26/2019 10:06:46 am,4.699,3.73,2.12
10/26/2019 10:06:46 am,4.7,3.78,2.02
10/26/2019 10:06:46 am,4.7010000000000005,3.43,1.31
10/26/2019 10:06:46 am,4.702,3.73,1.41
10/26/2019 10:06:46 am,4.703,3.41,1.96
10/26/2019 10:06:46 am,4.704,3.35,1.77
10/26/2019 10:06:46 am,4.705,3.38,2.34
10/26/2019 10:06:46 am,4.706,3.16,1.47
10/26/2019 10:06:46 am,4.707,2.95,1.93
10/26/2019 10:06:46 am,4.708,3.32,1.96
10/26/2019 10:06:46 am,4.709,3.48,1.93
10/26/2019 10:06:46 am,4.71,3.54,2.33
10/26/2019 10:06:46 am,4.711,3.46,1.93
10/26/2019 10:06:46 am,4.712,3.65,2.42
10/26/2019 10:06:46 am,4.713,3.59,2.14
10/26/2019 10:06:46 am,4.7139999999999995,3.21,2.33
10/26/2019 10:06:46 am,4.715,3.35,1.96
10/26/2019 10:06:46 am,4.716,3.43,1.58
10/26/2019 10:06:46 am,4.717,3.41,1.69
10/26/2019 10:06:46 am,4.718,3.54,1.94
10/26/2019 10:06:46 am,4.718999999999999,3.3,1.98
10/26/2019 10:06:46 am,4.72,3.43,1.8
10/26/2019 10:06:46 am,4.721,3.4,2.25
10/26/2019 10:06:46 am,4.7219999999999995,3.05,1.93
10/26/2019 10:06:46 am,4.723,3.08,1.88
10/26/2019 10:06:46 am,4.724,3.38,2.15
10/26/2019 10:06:46 am,4.725,3.35,2.42
10/26/2019 10:06:46 am,4.726,3.35,2.12
10/26/2019 10:06:46 am,4.727,3.46,1.64
10/26/2019 10:06:46 am,4.728,3.27,2.33
10/26/2019 10:06:46 am,4.729,3.48,1.69
10/26/2019 10:06:46 am,4.73,3.24,2.17
10/26/2019 10:06:46 am,4.731,3.22,1.82
10/26/2019 10:06:46 am,4.732,3.43,1.8
10/26/2019 10:06:46 am,4.7330000000000005,3.0,2.01
10/26/2019 10:06:46 am,4.734,3.4,1.93
10/26/2019 10:06:46 am,4.735,3.03,1.68
10/26/2019 10:06:46 am,4.736000000000001,3.11,2.23
10/26/2019 10:06:46 am,4.737,3.19,2.01
10/26/2019 10:06:46 am,4.738,3.19,1.63
10/26/2019 10:06:46 am,4.739,3.38,1.53
10/26/2019 10:06:46 am,4.74,3.76,1.77
10/26/2019 10:06:46 am,4.7410000000000005,3.35,1.88
10/26/2019 10:06:46 am,4.742,3.49,2.01
10/26/2019 10:06:46 am,4.743,2.92,1.88
10/26/2019 10:06:46 am,4.744,3.3,1.74
10/26/2019 10:06:46 am,4.745,3.54,1.93
10/26/2019 10:06:46 am,4.746,3.19,1.87
10/26/2019 10:06:46 am,4.747,3.11,1.69
10/26/2019 10:06:46 am,4.748,3.38,1.52
10/26/2019 10:06:46 am,4.749,3.11,1.98
10/26/2019 10:06:46 am,4.75,3.08,1.84
10/26/2019 10:06:46 am,4.751,3.03,2.04
10/26/2019 10:06:46 am,4.752,2.89,1.85
10/26/2019 10:06:46 am,4.753,3.35,1.23
10/26/2019 10:06:46 am,4.754,3.76,2.15
10/26/2019 10:06:46 am,4.755,3.32,2.15
10/26/2019 10:06:46 am,4.756,3.54,1.88
10/26/2019 10:06:46 am,4.757,2.97,1.66
10/26/2019 10:06:46 am,4.758,2.92,1.82
10/26/2019 10:06:46 am,4.7589999999999995,3.03,1.52
10/26/2019 10:06:46 am,4.76,3.27,2.06
10/26/2019 10:06:46 am,4.761,3.22,1.74
10/26/2019 10:06:46 am,4.762,2.78,1.82
10/26/2019 10:06:46 am,4.763,3.27,1.83
10/26/2019 10:06:46 am,4.763999999999999,3.19,1.63
10/26/2019 10:06:46 am,4.765,3.59,2.02
10/26/2019 10:06:46 am,4.766,2.84,2.1
10/26/2019 10:06:46 am,4.7669999999999995,3.51,1.39
10/26/2019 10:06:46 am,4.768,3.24,1.71
10/26/2019 10:06:46 am,4.769,3.27,1.93
10/26/2019 10:06:46 am,4.77,2.92,2.04
10/26/2019 10:06:46 am,4.771,3.51,1.64
10/26/2019 10:06:46 am,4.772,3.11,1.66
10/26/2019 10:06:46 am,4.773,3.08,1.55
10/26/2019 10:06:46 am,4.774,3.16,1.52
10/26/2019 10:06:46 am,4.775,3.11,1.71
10/26/2019 10:06:46 am,4.776,3.19,1.47
10/26/2019 10:06:46 am,4.777,3.27,1.72
10/26/2019 10:06:46 am,4.7780000000000005,3.27,1.21
10/26/2019 10:06:46 am,4.779,3.11,2.28
10/26/2019 10:06:46 am,4.78,3.38,2.29
10/26/2019 10:06:46 am,4.781000000000001,3.08,1.93
10/26/2019 10:06:46 am,4.782,3.13,1.31
10/26/2019 10:06:46 am,4.783,3.0,1.88
10/26/2019 10:06:46 am,4.784,3.38,1.72
10/26/2019 10:06:46 am,4.785,3.0,1.82
10/26/2019 10:06:46 am,4.7860000000000005,3.11,1.67
10/26/2019 10:06:46 am,4.787,2.97,2.01
10/26/2019 10:06:46 am,4.788,3.16,2.2
10/26/2019 10:06:46 am,4.789,3.27,1.58
10/26/2019 10:06:46 am,4.79,3.81,2.04
10/26/2019 10:06:46 am,4.791,2.86,1.99
10/26/2019 10:06:46 am,4.792,3.19,2.07
10/26/2019 10:06:46 am,4.793,2.86,1.82
10/26/2019 10:06:46 am,4.794,2.65,1.53
10/26/2019 10:06:46 am,4.795,3.32,1.37
10/26/2019 10:06:46 am,4.796,3.46,1.88
10/26/2019 10:06:46 am,4.797,3.49,1.55
10/26/2019 10:06:46 am,4.798,3.48,2.01
10/26/2019 10:06:46 am,4.7989999999999995,3.24,1.38
10/26/2019 10:06:46 am,4.8,3.11,1.95
10/26/2019 10:06:46 am,4.801,3.02,1.98
10/26/2019 10:06:46 am,4.802,2.49,1.99
10/26/2019 10:06:46 am,4.803,2.81,1.26
10/26/2019 10:06:46 am,4.803999999999999,2.92,1.31
10/26/2019 10:06:46 am,4.805,2.73,1.48
10/26/2019 10:06:46 am,4.806,3.57,1.23
10/26/2019 10:06:46 am,4.8069999999999995,3.51,2.19
10/26/2019 10:06:46 am,4.808,3.86,2.12
10/26/2019 10:06:46 am,4.809,4.27,2.11
10/26/2019 10:06:46 am,4.81,3.65,2.6
10/26/2019 10:06:46 am,4.811,3.46,2.86
10/26/2019 10:06:46 am,4.812,3.67,3.24
10/26/2019 10:06:46 am,4.813,2.78,2.7
10/26/2019 10:06:46 am,4.814,2.92,2.17
10/26/2019 10:06:46 am,4.815,2.86,1.99
10/26/2019 10:06:46 am,4.816,3.3,1.75
10/26/2019 10:06:46 am,4.817,2.84,1.56
10/26/2019 10:06:46 am,4.8180000000000005,3.54,1.5
10/26/2019 10:06:46 am,4.819,4.02,1.69
10/26/2019 10:06:46 am,4.82,3.97,1.77
10/26/2019 10:06:46 am,4.821000000000001,3.46,2.11
10/26/2019 10:06:46 am,4.822,3.78,2.79
10/26/2019 10:06:46 am,4.823,3.67,3.05
10/26/2019 10:06:46 am,4.824,3.59,3.1
10/26/2019 10:06:46 am,4.825,3.51,2.43
10/26/2019 10:06:46 am,4.8260000000000005,3.62,2.38
10/26/2019 10:06:46 am,4.827,3.78,1.71
10/26/2019 10:06:46 am,4.828,3.27,1.2
10/26/2019 10:06:46 am,4.829,3.64,1.78
10/26/2019 10:06:46 am,4.83,3.46,1.8
10/26/2019 10:06:46 am,4.831,3.32,1.31
10/26/2019 10:06:46 am,4.832,3.73,1.8
10/26/2019 10:06:46 am,4.833,3.38,2.01
10/26/2019 10:06:46 am,4.834,3.46,2.24
10/26/2019 10:06:46 am,4.835,3.48,2.46
10/26/2019 10:06:46 am,4.836,3.59,2.16
10/26/2019 10:06:46 am,4.837,3.73,2.14
10/26/2019 10:06:46 am,4.838,3.51,2.38
10/26/2019 10:06:46 am,4.8389999999999995,3.3,2.01
10/26/2019 10:06:46 am,4.84,2.97,1.58
10/26/2019 10:06:46 am,4.841,3.32,1.23
10/26/2019 10:06:46 am,4.842,3.16,1.39
10/26/2019 10:06:46 am,4.843,3.51,1.36
10/26/2019 10:06:46 am,4.843999999999999,3.29,1.83
10/26/2019 10:06:46 am,4.845,3.13,1.74
10/26/2019 10:06:46 am,4.846,3.16,2.09
10/26/2019 10:06:46 am,4.8469999999999995,3.0,1.95
10/26/2019 10:06:46 am,4.848,3.32,1.76
10/26/2019 10:06:46 am,4.849,3.03,2.01
10/26/2019 10:06:46 am,4.85,3.11,1.98
10/26/2019 10:06:46 am,4.851,3.48,1.28
10/26/2019 10:06:46 am,4.852,3.3,1.72
10/26/2019 10:06:46 am,4.853,3.35,1.47
10/26/2019 10:06:46 am,4.854,3.19,1.37
10/26/2019 10:06:46 am,4.855,2.86,1.31
10/26/2019 10:06:46 am,4.856,3.13,1.53
10/26/2019 10:06:46 am,4.857,3.49,2.04
10/26/2019 10:06:46 am,4.8580000000000005,3.7,1.9
10/26/2019 10:06:46 am,4.859,3.46,2.04
10/26/2019 10:06:46 am,4.86,3.05,2.09
10/26/2019 10:06:46 am,4.861000000000001,3.38,1.96
10/26/2019 10:06:46 am,4.862,3.4,2.5
10/26/2019 10:06:46 am,4.863,3.24,2.2
10/26/2019 10:06:46 am,4.864,3.57,2.26
10/26/2019 10:06:46 am,4.865,3.41,1.74
10/26/2019 10:06:46 am,4.8660000000000005,2.92,1.96
10/26/2019 10:06:46 am,4.867,3.05,1.88
10/26/2019 10:06:46 am,4.868,2.59,1.85
10/26/2019 10:06:46 am,4.869,3.27,1.66
10/26/2019 10:06:46 am,4.87,2.94,1.45
10/26/2019 10:06:46 am,4.871,3.08,2.12
10/26/2019 10:06:46 am,4.872,3.51,1.77
10/26/2019 10:06:46 am,4.873,3.22,2.01
10/26/2019 10:06:46 am,4.874,3.38,2.09
10/26/2019 10:06:46 am,4.875,2.68,1.88
10/26/2019 10:06:46 am,4.876,3.08,1.99
10/26/2019 10:06:46 am,4.877,3.16,1.91
10/26/2019 10:06:46 am,4.878,3.51,1.93
10/26/2019 10:06:46 am,4.879,3.3,1.72
10/26/2019 10:06:46 am,4.88,3.51,1.58
10/26/2019 10:06:46 am,4.881,3.19,2.12
10/26/2019 10:06:46 am,4.882,3.11,1.8
10/26/2019 10:06:46 am,4.883,3.43,2.1
10/26/2019 10:06:46 am,4.8839999999999995,3.54,1.95
10/26/2019 10:06:46 am,4.885,3.16,2.2
10/26/2019 10:06:46 am,4.886,3.32,2.15
10/26/2019 10:06:46 am,4.887,3.43,2.12
10/26/2019 10:06:46 am,4.888,3.51,1.9
10/26/2019 10:06:46 am,4.888999999999999,3.35,1.82
10/26/2019 10:06:46 am,4.89,3.46,2.18
10/26/2019 10:06:46 am,4.891,3.38,1.88
10/26/2019 10:06:46 am,4.8919999999999995,2.95,1.88
10/26/2019 10:06:46 am,4.893,3.16,1.93
10/26/2019 10:06:46 am,4.894,3.35,2.17
10/26/2019 10:06:46 am,4.895,2.84,2.09
10/26/2019 10:06:46 am,4.896,2.84,2.18
10/26/2019 10:06:46 am,4.897,3.24,1.55
10/26/2019 10:06:46 am,4.898,2.95,1.83
10/26/2019 10:06:46 am,4.899,2.97,1.58
10/26/2019 10:06:46 am,4.9,3.05,1.64
10/26/2019 10:06:46 am,4.901,2.95,1.8
10/26/2019 10:06:46 am,4.902,2.73,1.34
10/26/2019 10:06:46 am,4.9030000000000005,3.16,1.72
10/26/2019 10:06:46 am,4.904,3.13,2.17
10/26/2019 10:06:46 am,4.905,3.0,1.79
10/26/2019 10:06:46 am,4.906000000000001,2.94,2.01
10/26/2019 10:06:46 am,4.907,2.86,1.74
10/26/2019 10:06:46 am,4.908,2.95,1.82
10/26/2019 10:06:46 am,4.909,3.24,1.91
10/26/2019 10:06:46 am,4.91,3.46,1.87
10/26/2019 10:06:46 am,4.9110000000000005,3.35,1.69
10/26/2019 10:06:46 am,4.912,3.4,1.69
10/26/2019 10:06:46 am,4.913,3.32,1.82
10/26/2019 10:06:46 am,4.914,2.81,1.75
10/26/2019 10:06:46 am,4.915,3.24,1.28
10/26/2019 10:06:46 am,4.916,3.03,2.23
10/26/2019 10:06:46 am,4.917,3.57,1.74
10/26/2019 10:06:46 am,4.918,3.38,1.99
10/26/2019 10:06:46 am,4.919,2.94,1.45
10/26/2019 10:06:46 am,4.92,3.08,1.77
10/26/2019 10:06:46 am,4.921,2.89,2.09
10/26/2019 10:06:46 am,4.922,3.16,1.99
10/26/2019 10:06:46 am,4.923,3.49,1.87
10/26/2019 10:06:46 am,4.9239999999999995,3.59,2.26
10/26/2019 10:06:46 am,4.925,3.27,1.88
10/26/2019 10:06:46 am,4.926,3.48,2.09
10/26/2019 10:06:46 am,4.927,3.94,1.87
10/26/2019 10:06:46 am,4.928,3.38,1.58
10/26/2019 10:06:46 am,4.928999999999999,3.54,1.88
10/26/2019 10:06:46 am,4.93,3.54,2.36
10/26/2019 10:06:46 am,4.931,3.43,2.04
10/26/2019 10:06:46 am,4.9319999999999995,3.54,2.36
10/26/2019 10:06:46 am,4.933,3.27,2.49
10/26/2019 10:06:46 am,4.934,3.56,2.07
10/26/2019 10:06:46 am,4.935,3.32,1.93
10/26/2019 10:06:46 am,4.936,3.46,1.82
10/26/2019 10:06:46 am,4.937,3.83,2.36
10/26/2019 10:06:46 am,4.938,3.78,2.2
10/26/2019 10:06:46 am,4.939,3.19,1.8
10/26/2019 10:06:46 am,4.94,3.32,1.9
10/26/2019 10:06:46 am,4.941,3.4,2.2
10/26/2019 10:06:46 am,4.942,3.05,1.85
10/26/2019 10:06:46 am,4.9430000000000005,3.38,2.26
10/26/2019 10:06:46 am,4.944,3.46,2.04
10/26/2019 10:06:46 am,4.945,2.95,1.88
10/26/2019 10:06:46 am,4.946000000000001,3.38,1.9
10/26/2019 10:06:46 am,4.947,3.32,1.72
10/26/2019 10:06:46 am,4.948,3.24,1.96
10/26/2019 10:06:46 am,4.949,3.38,1.85
10/26/2019 10:06:46 am,4.95,3.32,1.88
10/26/2019 10:06:46 am,4.9510000000000005,3.16,1.85
10/26/2019 10:06:46 am,4.952,3.0,2.17
10/26/2019 10:06:46 am,4.953,3.4,2.26
10/26/2019 10:06:46 am,4.954,3.41,2.55
10/26/2019 10:06:46 am,4.955,3.03,2.29
10/26/2019 10:06:46 am,4.956,3.03,2.25
10/26/2019 10:06:46 am,4.957,3.11,2.14
10/26/2019 10:06:46 am,4.958,3.46,1.55
10/26/2019 10:06:46 am,4.959,3.13,1.85
10/26/2019 10:06:46 am,4.96,3.19,1.9
10/26/2019 10:06:46 am,4.961,2.92,2.2
10/26/2019 10:06:46 am,4.962,3.57,2.04
10/26/2019 10:06:46 am,4.963,2.92,1.8
10/26/2019 10:06:46 am,4.9639999999999995,3.7,1.88
10/26/2019 10:06:46 am,4.965,2.84,2.2
10/26/2019 10:06:46 am,4.966,3.48,1.88
10/26/2019 10:06:46 am,4.967,3.16,1.85
10/26/2019 10:06:46 am,4.968,3.76,2.1
10/26/2019 10:06:46 am,4.968999999999999,3.27,2.31
10/26/2019 10:06:46 am,4.97,3.22,2.15
10/26/2019 10:06:46 am,4.971,3.24,1.64
10/26/2019 10:06:46 am,4.9719999999999995,2.75,1.93
10/26/2019 10:06:46 am,4.973,2.97,1.72
10/26/2019 10:06:46 am,4.974,3.13,2.01
10/26/2019 10:06:46 am,4.975,3.24,1.98
10/26/2019 10:06:46 am,4.976,3.13,2.12
10/26/2019 10:06:46 am,4.977,3.3,1.87
10/26/2019 10:06:46 am,4.978,3.32,1.83
10/26/2019 10:06:46 am,4.979,3.46,1.67
10/26/2019 10:06:46 am,4.98,3.49,1.8
10/26/2019 10:06:46 am,4.981,3.54,2.37
10/26/2019 10:06:46 am,4.982,3.22,1.77
10/26/2019 10:06:46 am,4.9830000000000005,3.49,1.93
10/26/2019 10:06:46 am,4.984,3.43,1.93
10/26/2019 10:06:46 am,4.985,3.35,1.63
10/26/2019 10:06:46 am,4.986000000000001,2.81,1.69
10/26/2019 10:06:46 am,4.987,3.08,1.55
10/26/2019 10:06:46 am,4.988,3.4,1.56
10/26/2019 10:06:46 am,4.989,3.13,2.17
10/26/2019 10:06:46 am,4.99,3.11,1.93
10/26/2019 10:06:46 am,4.9910000000000005,3.08,1.61
10/26/2019 10:06:46 am,4.992,3.21,1.85
10/26/2019 10:06:46 am,4.993,3.35,1.93
10/26/2019 10:06:46 am,4.994,3.11,1.86
10/26/2019 10:06:46 am,4.995,3.57,1.55
10/26/2019 10:06:46 am,4.996,3.27,1.69
10/26/2019 10:06:46 am,4.997,2.84,1.8
10/26/2019 10:06:46 am,4.998,3.16,1.72
10/26/2019 10:06:46 am,4.999,3.02,2.07
10/26/2019 10:06:47 am,5.0,3.46,2.06
10/26/2019 10:06:47 am,5.001,3.35,1.64
10/26/2019 10:06:47 am,5.002,3.11,1.98
10/26/2019 10:06:47 am,5.003,3.08,2.07
10/26/2019 10:06:47 am,5.004,3.19,1.42
10/26/2019 10:06:47 am,5.005,2.92,2.26
10/26/2019 10:06:47 am,5.006,3.24,1.99
10/26/2019 10:06:47 am,5.007,3.16,1.79
10/26/2019 10:06:47 am,5.008,3.41,1.82
10/26/2019 10:06:47 am,5.0089999999999995,3.32,2.2
10/26/2019 10:06:47 am,5.01,3.0,1.53
10/26/2019 10:06:47 am,5.011,3.27,1.9
10/26/2019 10:06:47 am,5.012,3.19,1.69
10/26/2019 10:06:47 am,5.013,3.19,1.61
10/26/2019 10:06:47 am,5.013999999999999,3.3,1.44
10/26/2019 10:06:47 am,5.015,3.21,1.47
10/26/2019 10:06:47 am,5.016,3.3,1.69
10/26/2019 10:06:47 am,5.0169999999999995,3.22,1.72
10/26/2019 10:06:47 am,5.018,3.46,1.61
10/26/2019 10:06:47 am,5.019,2.97,1.66
10/26/2019 10:06:47 am,5.02,3.35,2.61
10/26/2019 10:06:47 am,5.021,3.54,1.74
10/26/2019 10:06:47 am,5.022,3.03,2.55
10/26/2019 10:06:47 am,5.023,3.27,1.71
10/26/2019 10:06:47 am,5.024,3.08,1.96
10/26/2019 10:06:47 am,5.025,3.68,2.17
10/26/2019 10:06:47 am,5.026,3.0,1.61
10/26/2019 10:06:47 am,5.027,3.21,1.96
10/26/2019 10:06:47 am,5.0280000000000005,3.21,2.07
10/26/2019 10:06:47 am,5.029,3.05,2.15
10/26/2019 10:06:47 am,5.03,3.65,1.88
10/26/2019 10:06:47 am,5.031000000000001,3.4,1.85
10/26/2019 10:06:47 am,5.032,3.35,2.11
10/26/2019 10:06:47 am,5.033,3.7,1.85
10/26/2019 10:06:47 am,5.034,3.7,2.36
10/26/2019 10:06:47 am,5.035,3.24,2.5
10/26/2019 10:06:47 am,5.0360000000000005,3.19,2.09
10/26/2019 10:06:47 am,5.037,3.49,2.2
10/26/2019 10:06:47 am,5.038,3.43,2.21
10/26/2019 10:06:47 am,5.039,3.27,1.96
10/26/2019 10:06:47 am,5.04,3.27,1.98
10/26/2019 10:06:47 am,5.041,3.43,1.74
10/26/2019 10:06:47 am,5.042,3.43,2.34
10/26/2019 10:06:47 am,5.043,3.08,2.09
10/26/2019 10:06:47 am,5.044,3.38,2.39
10/26/2019 10:06:47 am,5.045,3.19,2.45
10/26/2019 10:06:47 am,5.046,2.92,1.6
10/26/2019 10:06:47 am,5.047,3.11,2.2
10/26/2019 10:06:47 am,5.048,3.11,1.93
10/26/2019 10:06:47 am,5.0489999999999995,3.22,1.98
10/26/2019 10:06:47 am,5.05,3.65,2.07
10/26/2019 10:06:47 am,5.051,3.38,2.15
10/26/2019 10:06:47 am,5.052,3.35,2.12
10/26/2019 10:06:47 am,5.053,3.05,2.42
10/26/2019 10:06:47 am,5.053999999999999,3.13,2.2
10/26/2019 10:06:47 am,5.055,3.11,1.64
10/26/2019 10:06:47 am,5.056,3.21,1.98
10/26/2019 10:06:47 am,5.0569999999999995,3.35,1.8
10/26/2019 10:06:47 am,5.058,3.03,2.12
10/26/2019 10:06:47 am,5.059,3.43,1.8
10/26/2019 10:06:47 am,5.06,3.19,1.88
10/26/2019 10:06:47 am,5.061,3.54,2.34
10/26/2019 10:06:47 am,5.062,2.97,1.88
10/26/2019 10:06:47 am,5.063,3.29,1.74
10/26/2019 10:06:47 am,5.064,3.32,1.98
10/26/2019 10:06:47 am,5.065,3.03,1.58
10/26/2019 10:06:47 am,5.066,3.19,1.85
10/26/2019 10:06:47 am,5.067,3.43,2.34
10/26/2019 10:06:47 am,5.0680000000000005,3.4,1.63
10/26/2019 10:06:47 am,5.069,3.41,2.17
10/26/2019 10:06:47 am,5.07,3.43,2.04
10/26/2019 10:06:47 am,5.071000000000001,3.27,2.01
10/26/2019 10:06:47 am,5.072,3.59,1.95
10/26/2019 10:06:47 am,5.073,3.38,1.9
10/26/2019 10:06:47 am,5.074,3.11,1.31
10/26/2019 10:06:47 am,5.075,3.57,1.8
10/26/2019 10:06:47 am,5.0760000000000005,3.51,2.2
10/26/2019 10:06:47 am,5.077,2.92,2.12
10/26/2019 10:06:47 am,5.078,3.81,1.61
10/26/2019 10:06:47 am,5.079,3.13,1.85
10/26/2019 10:06:47 am,5.08,3.24,1.69
10/26/2019 10:06:47 am,5.081,3.24,2.31
10/26/2019 10:06:47 am,5.082,3.43,2.12
10/26/2019 10:06:47 am,5.083,3.05,1.74
10/26/2019 10:06:47 am,5.084,3.21,1.58
10/26/2019 10:06:47 am,5.085,3.11,1.66
10/26/2019 10:06:47 am,5.086,3.62,2.03
10/26/2019 10:06:47 am,5.087,3.05,1.9
10/26/2019 10:06:47 am,5.088,3.38,1.69
10/26/2019 10:06:47 am,5.0889999999999995,3.19,1.85
10/26/2019 10:06:47 am,5.09,3.16,1.45
10/26/2019 10:06:47 am,5.091,2.94,1.85
10/26/2019 10:06:47 am,5.092,3.7,2.18
10/26/2019 10:06:47 am,5.093,3.38,1.79
10/26/2019 10:06:47 am,5.093999999999999,3.46,1.96
10/26/2019 10:06:47 am,5.095,2.92,1.8
10/26/2019 10:06:47 am,5.096,2.62,1.8
10/26/2019 10:06:47 am,5.0969999999999995,3.4,2.28
10/26/2019 10:06:47 am,5.098,3.49,1.96
10/26/2019 10:06:47 am,5.099,2.94,1.55
10/26/2019 10:06:47 am,5.1,3.0,1.93
10/26/2019 10:06:47 am,5.101,3.16,1.8
10/26/2019 10:06:47 am,5.102,3.13,1.93
10/26/2019 10:06:47 am,5.103,3.27,1.74
10/26/2019 10:06:47 am,5.104,3.43,1.85
10/26/2019 10:06:47 am,5.105,2.75,1.75
10/26/2019 10:06:47 am,5.106,3.05,1.71
10/26/2019 10:06:47 am,5.107,3.3,2.15
10/26/2019 10:06:47 am,5.1080000000000005,3.67,1.85
10/26/2019 10:06:47 am,5.109,3.08,1.8
10/26/2019 10:06:47 am,5.11,3.35,1.58
10/26/2019 10:06:47 am,5.111000000000001,3.27,2.15
10/26/2019 10:06:47 am,5.112,2.97,1.8
10/26/2019 10:06:47 am,5.113,3.4,1.74
10/26/2019 10:06:47 am,5.114,3.19,1.96
10/26/2019 10:06:47 am,5.115,3.43,1.6
10/26/2019 10:06:47 am,5.1160000000000005,2.73,2.12
10/26/2019 10:06:47 am,5.117,2.81,2.07
10/26/2019 10:06:47 am,5.118,3.27,1.52
10/26/2019 10:06:47 am,5.119,3.38,2.28
10/26/2019 10:06:47 am,5.12,3.97,1.66
10/26/2019 10:06:47 am,5.121,3.19,1.55
10/26/2019 10:06:47 am,5.122000000000001,3.27,1.85
10/26/2019 10:06:47 am,5.122999999999999,3.14,1.8
10/26/2019 10:06:47 am,5.124,3.19,1.71
10/26/2019 10:06:47 am,5.125,3.4,2.25
10/26/2019 10:06:47 am,5.126,3.3,1.98
10/26/2019 10:06:47 am,5.127000000000001,3.57,1.82
10/26/2019 10:06:47 am,5.127999999999999,3.3,1.74
10/26/2019 10:06:47 am,5.129,3.76,2.25
10/26/2019 10:06:47 am,5.13,3.0,1.61
10/26/2019 10:06:47 am,5.131,3.24,1.82
10/26/2019 10:06:47 am,5.132000000000001,3.43,1.74
10/26/2019 10:06:47 am,5.132999999999999,3.41,2.07
10/26/2019 10:06:47 am,5.1339999999999995,3.19,2.07
10/26/2019 10:06:47 am,5.135,3.56,1.91
10/26/2019 10:06:47 am,5.136,3.4,2.06
10/26/2019 10:06:47 am,5.1370000000000005,3.32,2.09
10/26/2019 10:06:47 am,5.138,3.21,1.69
10/26/2019 10:06:47 am,5.138999999999999,3.73,2.12
10/26/2019 10:06:47 am,5.14,3.19,2.09
10/26/2019 10:06:47 am,5.141,3.65,2.04
10/26/2019 10:06:47 am,5.142,3.38,2.44
10/26/2019 10:06:47 am,5.143,3.24,2.06
10/26/2019 10:06:47 am,5.144,3.03,2.44
10/26/2019 10:06:47 am,5.145,3.51,2.39
10/26/2019 10:06:47 am,5.146,3.73,2.12
10/26/2019 10:06:47 am,5.147,3.35,1.99
10/26/2019 10:06:47 am,5.148,3.38,1.64
10/26/2019 10:06:47 am,5.149,2.84,1.72
10/26/2019 10:06:47 am,5.15,3.13,2.07
10/26/2019 10:06:47 am,5.151,3.4,2.22
10/26/2019 10:06:47 am,5.152,3.02,2.33
10/26/2019 10:06:47 am,5.153,3.24,2.13
10/26/2019 10:06:47 am,5.154,3.51,1.98
10/26/2019 10:06:47 am,5.155,3.08,2.31
10/26/2019 10:06:47 am,5.156000000000001,3.08,2.33
10/26/2019 10:06:47 am,5.157,3.3,2.34
10/26/2019 10:06:47 am,5.1579999999999995,2.94,1.99
10/26/2019 10:06:47 am,5.159,3.16,1.77
10/26/2019 10:06:47 am,5.16,3.27,1.52
10/26/2019 10:06:47 am,5.1610000000000005,3.19,2.34
10/26/2019 10:06:47 am,5.162000000000001,3.14,1.93
10/26/2019 10:06:47 am,5.162999999999999,3.35,2.01
10/26/2019 10:06:47 am,5.164,3.54,1.82
10/26/2019 10:06:47 am,5.165,3.35,2.26
10/26/2019 10:06:47 am,5.166,3.59,2.2
10/26/2019 10:06:47 am,5.167000000000001,3.46,2.47
10/26/2019 10:06:47 am,5.167999999999999,3.65,1.93
10/26/2019 10:06:47 am,5.169,3.65,2.36
10/26/2019 10:06:47 am,5.17,3.49,2.06
10/26/2019 10:06:47 am,5.171,3.86,1.95
10/26/2019 10:06:47 am,5.172000000000001,3.62,1.93
10/26/2019 10:06:47 am,5.172999999999999,3.33,1.85
10/26/2019 10:06:47 am,5.1739999999999995,3.35,2.15
10/26/2019 10:06:47 am,5.175,3.24,1.64
10/26/2019 10:06:47 am,5.176,3.59,2.02
10/26/2019 10:06:47 am,5.1770000000000005,3.19,1.63
10/26/2019 10:06:47 am,5.178,3.35,1.77
10/26/2019 10:06:47 am,5.178999999999999,2.89,1.79
10/26/2019 10:06:47 am,5.18,3.43,1.74
10/26/2019 10:06:47 am,5.181,3.35,1.68
10/26/2019 10:06:47 am,5.182,3.16,1.52
10/26/2019 10:06:47 am,5.183,3.14,1.8
10/26/2019 10:06:47 am,5.184,3.13,1.77
10/26/2019 10:06:47 am,5.185,3.73,1.64
10/26/2019 10:06:47 am,5.186,3.38,1.96
10/26/2019 10:06:47 am,5.187,3.51,1.75
10/26/2019 10:06:47 am,5.188,3.54,1.74
10/26/2019 10:06:47 am,5.189,3.27,2.28
10/26/2019 10:06:47 am,5.19,3.62,1.91
10/26/2019 10:06:47 am,5.191,3.32,1.72
10/26/2019 10:06:47 am,5.192,3.57,1.74
10/26/2019 10:06:47 am,5.193,2.81,1.52
10/26/2019 10:06:47 am,5.194,3.21,1.72
10/26/2019 10:06:47 am,5.195,3.32,2.1
10/26/2019 10:06:47 am,5.196000000000001,3.3,1.69
10/26/2019 10:06:47 am,5.197,3.05,1.71
10/26/2019 10:06:47 am,5.1979999999999995,2.94,1.88
10/26/2019 10:06:47 am,5.199,3.21,1.74
10/26/2019 10:06:47 am,5.2,3.19,2.04
10/26/2019 10:06:47 am,5.2010000000000005,3.19,1.33
10/26/2019 10:06:47 am,5.202000000000001,3.3,1.82
10/26/2019 10:06:47 am,5.202999999999999,3.22,1.77
10/26/2019 10:06:47 am,5.204,3.22,1.66
10/26/2019 10:06:47 am,5.205,2.97,2.07
10/26/2019 10:06:47 am,5.206,3.16,2.04
10/26/2019 10:06:47 am,5.207000000000001,3.08,2.2
10/26/2019 10:06:47 am,5.207999999999999,3.32,1.47
10/26/2019 10:06:47 am,5.209,2.84,1.8
10/26/2019 10:06:47 am,5.21,2.97,1.61
10/26/2019 10:06:47 am,5.211,3.19,2.15
10/26/2019 10:06:47 am,5.212000000000001,3.03,2.01
10/26/2019 10:06:47 am,5.212999999999999,3.35,2.23
10/26/2019 10:06:47 am,5.2139999999999995,3.24,1.88
10/26/2019 10:06:47 am,5.215,2.81,2.07
10/26/2019 10:06:47 am,5.216,3.05,2.02
10/26/2019 10:06:47 am,5.2170000000000005,3.65,1.66
10/26/2019 10:06:47 am,5.218,3.43,1.88
10/26/2019 10:06:47 am,5.218999999999999,3.08,1.64
10/26/2019 10:06:47 am,5.22,3.08,1.88
10/26/2019 10:06:47 am,5.221,3.11,1.99
10/26/2019 10:06:47 am,5.222,3.38,1.69
10/26/2019 10:06:47 am,5.223,2.92,2.25
10/26/2019 10:06:47 am,5.224,2.86,1.69
10/26/2019 10:06:47 am,5.225,3.46,1.47
10/26/2019 10:06:47 am,5.226,3.16,1.26
10/26/2019 10:06:47 am,5.227,3.38,1.53
10/26/2019 10:06:47 am,5.228,3.49,1.99
10/26/2019 10:06:47 am,5.229,3.13,1.93
10/26/2019 10:06:47 am,5.23,3.4,1.36
10/26/2019 10:06:47 am,5.231,3.19,1.55
10/26/2019 10:06:47 am,5.232,3.43,1.77
10/26/2019 10:06:47 am,5.233,3.03,2.01
10/26/2019 10:06:47 am,5.234,3.49,1.79
10/26/2019 10:06:47 am,5.235,3.43,1.42
10/26/2019 10:06:47 am,5.236000000000001,3.68,1.9
10/26/2019 10:06:47 am,5.237,3.59,2.09
10/26/2019 10:06:47 am,5.2379999999999995,3.16,2.07
10/26/2019 10:06:47 am,5.239,3.4,1.85
10/26/2019 10:06:47 am,5.24,3.08,1.66
10/26/2019 10:06:47 am,5.2410000000000005,3.0,2.09
10/26/2019 10:06:47 am,5.242000000000001,3.05,1.83
10/26/2019 10:06:47 am,5.242999999999999,3.43,1.8
10/26/2019 10:06:47 am,5.244,3.03,2.28
10/26/2019 10:06:47 am,5.245,3.62,1.53
10/26/2019 10:06:47 am,5.246,3.33,1.83
10/26/2019 10:06:47 am,5.247000000000001,3.51,2.26
10/26/2019 10:06:47 am,5.247999999999999,3.62,1.66
10/26/2019 10:06:47 am,5.249,3.24,1.77
10/26/2019 10:06:47 am,5.25,3.54,1.64
10/26/2019 10:06:47 am,5.251,3.62,2.01
10/26/2019 10:06:47 am,5.252000000000001,3.57,2.07
10/26/2019 10:06:47 am,5.252999999999999,3.67,1.85
10/26/2019 10:06:47 am,5.254,3.4,2.15
10/26/2019 10:06:47 am,5.255,3.35,2.15
10/26/2019 10:06:47 am,5.256,3.38,2.01
10/26/2019 10:06:47 am,5.257000000000001,3.11,1.71
10/26/2019 10:06:47 am,5.257999999999999,3.49,1.55
10/26/2019 10:06:47 am,5.2589999999999995,3.13,1.88
10/26/2019 10:06:47 am,5.26,3.13,1.87
10/26/2019 10:06:47 am,5.261,3.43,1.69
10/26/2019 10:06:47 am,5.2620000000000005,3.38,2.23
10/26/2019 10:06:47 am,5.263,3.35,2.15
10/26/2019 10:06:47 am,5.263999999999999,3.43,2.01
10/26/2019 10:06:47 am,5.265,3.75,1.85
10/26/2019 10:06:47 am,5.266,3.38,1.92
10/26/2019 10:06:47 am,5.267,3.27,1.84
10/26/2019 10:06:47 am,5.268,3.0,2.01
10/26/2019 10:06:47 am,5.269,3.43,2.23
10/26/2019 10:06:47 am,5.27,3.57,2.37
10/26/2019 10:06:47 am,5.271,3.49,1.93
10/26/2019 10:06:47 am,5.272,2.86,1.82
10/26/2019 10:06:47 am,5.273,3.19,1.74
10/26/2019 10:06:47 am,5.274,3.11,1.83
10/26/2019 10:06:47 am,5.275,3.16,1.96
10/26/2019 10:06:47 am,5.276,3.29,1.53
10/26/2019 10:06:47 am,5.277,3.54,1.77
10/26/2019 10:06:47 am,5.278,3.51,2.48
10/26/2019 10:06:47 am,5.279,3.19,1.74
10/26/2019 10:06:47 am,5.28,3.57,1.93
10/26/2019 10:06:47 am,5.281000000000001,3.27,2.06
10/26/2019 10:06:47 am,5.282,3.67,1.96
10/26/2019 10:06:47 am,5.2829999999999995,3.43,1.96
10/26/2019 10:06:47 am,5.284,2.81,1.61
10/26/2019 10:06:47 am,5.285,2.84,1.91
10/26/2019 10:06:47 am,5.2860000000000005,3.08,1.77
10/26/2019 10:06:47 am,5.287000000000001,3.24,1.71
10/26/2019 10:06:47 am,5.287999999999999,2.81,2.15
10/26/2019 10:06:47 am,5.289,3.05,1.72
10/26/2019 10:06:47 am,5.29,2.62,2.01
10/26/2019 10:06:47 am,5.291,3.32,1.66
10/26/2019 10:06:47 am,5.292000000000001,3.24,2.23
10/26/2019 10:06:47 am,5.292999999999999,3.08,1.85
10/26/2019 10:06:47 am,5.294,3.4,1.72
10/26/2019 10:06:47 am,5.295,3.16,1.75
10/26/2019 10:06:47 am,5.296,3.4,1.85
10/26/2019 10:06:47 am,5.297000000000001,2.95,2.02
10/26/2019 10:06:47 am,5.297999999999999,3.35,1.96
10/26/2019 10:06:47 am,5.2989999999999995,3.13,1.52
10/26/2019 10:06:47 am,5.3,3.19,1.8
10/26/2019 10:06:47 am,5.301,3.0,1.93
10/26/2019 10:06:47 am,5.3020000000000005,3.54,1.2
10/26/2019 10:06:47 am,5.303,3.27,1.9
10/26/2019 10:06:47 am,5.303999999999999,3.43,1.42
10/26/2019 10:06:47 am,5.305,3.3,1.69
10/26/2019 10:06:47 am,5.306,3.32,1.53
10/26/2019 10:06:47 am,5.307,3.13,1.77
10/26/2019 10:06:47 am,5.308,3.51,2.07
10/26/2019 10:06:47 am,5.309,3.38,1.9
10/26/2019 10:06:47 am,5.31,2.68,1.79
10/26/2019 10:06:47 am,5.311,3.27,1.66
10/26/2019 10:06:47 am,5.312,3.19,1.69
10/26/2019 10:06:47 am,5.313,3.16,1.8
10/26/2019 10:06:47 am,5.314,3.0,1.99
10/26/2019 10:06:47 am,5.315,2.73,1.55
10/26/2019 10:06:47 am,5.316,3.19,1.53
10/26/2019 10:06:47 am,5.317,3.3,1.74
10/26/2019 10:06:47 am,5.318,3.08,1.99
10/26/2019 10:06:47 am,5.319,3.14,1.39
10/26/2019 10:06:47 am,5.32,3.03,1.66
10/26/2019 10:06:47 am,5.321000000000001,3.11,1.66
10/26/2019 10:06:47 am,5.322,3.35,1.66
10/26/2019 10:06:47 am,5.3229999999999995,3.24,1.61
10/26/2019 10:06:47 am,5.324,3.21,1.93
10/26/2019 10:06:47 am,5.325,2.81,2.21
10/26/2019 10:06:47 am,5.3260000000000005,3.78,1.42
10/26/2019 10:06:47 am,5.327000000000001,2.89,2.04
10/26/2019 10:06:47 am,5.327999999999999,3.05,1.8
10/26/2019 10:06:47 am,5.329,3.35,1.71
10/26/2019 10:06:47 am,5.33,3.16,1.74
10/26/2019 10:06:47 am,5.331,3.51,1.93
10/26/2019 10:06:47 am,5.332000000000001,3.27,1.8
10/26/2019 10:06:47 am,5.332999999999999,3.11,1.96
10/26/2019 10:06:47 am,5.334,2.78,2.09
10/26/2019 10:06:47 am,5.335,2.73,1.42
10/26/2019 10:06:47 am,5.336,3.0,1.88
10/26/2019 10:06:47 am,5.337000000000001,3.65,1.74
10/26/2019 10:06:47 am,5.337999999999999,3.54,1.77
10/26/2019 10:06:47 am,5.3389999999999995,3.41,1.2
10/26/2019 10:06:47 am,5.34,3.11,1.75
10/26/2019 10:06:47 am,5.341,3.3,1.56
10/26/2019 10:06:47 am,5.3420000000000005,3.21,1.29
10/26/2019 10:06:47 am,5.343,3.38,1.8
10/26/2019 10:06:47 am,5.343999999999999,2.92,2.12
10/26/2019 10:06:47 am,5.345,3.19,1.77
10/26/2019 10:06:47 am,5.346,3.05,1.77
10/26/2019 10:06:47 am,5.347,3.03,2.07
10/26/2019 10:06:47 am,5.348,2.92,1.39
10/26/2019 10:06:47 am,5.349,2.86,1.58
10/26/2019 10:06:47 am,5.35,3.19,2.07
10/26/2019 10:06:47 am,5.351,3.46,1.53
10/26/2019 10:06:47 am,5.352,3.38,1.71
10/26/2019 10:06:47 am,5.353,3.41,1.88
10/26/2019 10:06:47 am,5.354,3.08,1.85
10/26/2019 10:06:47 am,5.355,3.05,1.99
10/26/2019 10:06:47 am,5.356,3.24,1.88
10/26/2019 10:06:47 am,5.357,3.35,2.17
10/26/2019 10:06:47 am,5.358,3.78,1.75
10/26/2019 10:06:47 am,5.359,3.16,2.23
10/26/2019 10:06:47 am,5.36,3.11,2.47
10/26/2019 10:06:47 am,5.361000000000001,3.16,1.91
10/26/2019 10:06:47 am,5.362,3.35,1.93
10/26/2019 10:06:47 am,5.3629999999999995,3.35,1.9
10/26/2019 10:06:47 am,5.364,3.27,1.63
10/26/2019 10:06:47 am,5.365,3.08,2.07
10/26/2019 10:06:47 am,5.3660000000000005,3.27,2.12
10/26/2019 10:06:47 am,5.367000000000001,3.54,1.56
10/26/2019 10:06:47 am,5.367999999999999,3.3,2.09
10/26/2019 10:06:47 am,5.369,3.43,2.14
10/26/2019 10:06:47 am,5.37,3.48,1.91
10/26/2019 10:06:47 am,5.371,3.0,1.85
10/26/2019 10:06:47 am,5.372000000000001,3.49,2.33
10/26/2019 10:06:47 am,5.372999999999999,3.7,2.01
10/26/2019 10:06:47 am,5.374,3.19,2.12
10/26/2019 10:06:47 am,5.375,3.24,1.82
10/26/2019 10:06:47 am,5.376,3.51,2.01
10/26/2019 10:06:47 am,5.377000000000001,3.62,2.06
10/26/2019 10:06:47 am,5.377999999999999,3.73,2.23
10/26/2019 10:06:47 am,5.379,3.81,2.26
10/26/2019 10:06:47 am,5.38,3.59,1.98
10/26/2019 10:06:47 am,5.381,3.24,1.93
10/26/2019 10:06:47 am,5.382000000000001,3.78,1.85
10/26/2019 10:06:47 am,5.382999999999999,3.22,2.34
10/26/2019 10:06:47 am,5.3839999999999995,3.32,2.31
10/26/2019 10:06:47 am,5.385,3.59,2.4
10/26/2019 10:06:47 am,5.386,3.3,1.9
10/26/2019 10:06:47 am,5.3870000000000005,3.62,1.83
10/26/2019 10:06:47 am,5.388,3.08,2.13
10/26/2019 10:06:47 am,5.388999999999999,3.32,1.8
10/26/2019 10:06:47 am,5.39,3.46,2.18
10/26/2019 10:06:47 am,5.391,3.3,1.82
10/26/2019 10:06:47 am,5.392,3.68,2.17
10/26/2019 10:06:47 am,5.393,3.51,2.31
10/26/2019 10:06:47 am,5.394,3.11,2.42
10/26/2019 10:06:47 am,5.395,3.11,2.47
10/26/2019 10:06:47 am,5.396,2.86,2.23
10/26/2019 10:06:47 am,5.397,3.38,1.85
10/26/2019 10:06:47 am,5.398,3.08,1.77
10/26/2019 10:06:47 am,5.399,3.3,2.12
10/26/2019 10:06:47 am,5.4,2.7,1.67
10/26/2019 10:06:47 am,5.401,2.73,1.56
10/26/2019 10:06:47 am,5.402,2.86,1.04
10/26/2019 10:06:47 am,5.403,2.89,1.66
10/26/2019 10:06:47 am,5.404,3.08,1.77
10/26/2019 10:06:47 am,5.405,2.97,1.91
10/26/2019 10:06:47 am,5.406000000000001,3.7,2.1
10/26/2019 10:06:47 am,5.407,2.94,2.6
10/26/2019 10:06:47 am,5.4079999999999995,3.57,2.36
10/26/2019 10:06:47 am,5.409,3.51,2.12
10/26/2019 10:06:47 am,5.41,3.65,1.93
10/26/2019 10:06:47 am,5.4110000000000005,2.81,2.12
10/26/2019 10:06:47 am,5.412000000000001,3.4,1.96
10/26/2019 10:06:47 am,5.412999999999999,3.35,1.64
10/26/2019 10:06:47 am,5.414,3.57,1.64
10/26/2019 10:06:47 am,5.415,3.08,1.37
10/26/2019 10:06:47 am,5.416,3.35,1.29
10/26/2019 10:06:47 am,5.417000000000001,2.97,1.18
10/26/2019 10:06:47 am,5.417999999999999,3.38,1.72
10/26/2019 10:06:47 am,5.419,3.16,1.74
10/26/2019 10:06:47 am,5.42,3.46,1.87
10/26/2019 10:06:47 am,5.421,2.97,2.33
10/26/2019 10:06:47 am,5.422000000000001,2.94,2.18
10/26/2019 10:06:47 am,5.422999999999999,2.86,2.28
10/26/2019 10:06:47 am,5.4239999999999995,2.81,2.22
10/26/2019 10:06:47 am,5.425,3.03,2.12
10/26/2019 10:06:47 am,5.426,3.02,1.56
10/26/2019 10:06:47 am,5.4270000000000005,2.67,2.2
10/26/2019 10:06:47 am,5.428,3.3,1.48
10/26/2019 10:06:47 am,5.428999999999999,2.84,2.04
10/26/2019 10:06:47 am,5.43,3.32,1.94
10/26/2019 10:06:47 am,5.431,3.22,2.04
10/26/2019 10:06:47 am,5.432,3.19,2.23
10/26/2019 10:06:47 am,5.433,3.38,2.07
10/26/2019 10:06:47 am,5.434,3.24,2.12
10/26/2019 10:06:47 am,5.435,3.22,2.31
10/26/2019 10:06:47 am,5.436,3.11,2.28
10/26/2019 10:06:47 am,5.437,3.16,2.04
10/26/2019 10:06:47 am,5.438,3.35,1.44
10/26/2019 10:06:47 am,5.439,3.27,1.77
10/26/2019 10:06:47 am,5.44,3.05,1.83
10/26/2019 10:06:47 am,5.441,3.38,2.26
10/26/2019 10:06:47 am,5.442,3.54,2.07
10/26/2019 10:06:47 am,5.443,3.49,1.77
10/26/2019 10:06:47 am,5.444,3.35,2.37
10/26/2019 10:06:47 am,5.445,3.83,2.44
10/26/2019 10:06:47 am,5.446000000000001,3.19,2.52
10/26/2019 10:06:47 am,5.447,3.46,2.31
10/26/2019 10:06:47 am,5.4479999999999995,3.35,2.61
10/26/2019 10:06:47 am,5.449,3.3,2.58
10/26/2019 10:06:47 am,5.45,3.24,2.31
10/26/2019 10:06:47 am,5.4510000000000005,3.08,1.88
10/26/2019 10:06:47 am,5.452000000000001,3.32,1.47
10/26/2019 10:06:47 am,5.452999999999999,2.92,1.74
10/26/2019 10:06:47 am,5.454,3.4,1.82
10/26/2019 10:06:47 am,5.455,3.19,1.93
10/26/2019 10:06:47 am,5.456,3.27,2.44
10/26/2019 10:06:47 am,5.457000000000001,3.57,1.98
10/26/2019 10:06:47 am,5.457999999999999,3.86,2.33
10/26/2019 10:06:47 am,5.459,3.27,2.04
10/26/2019 10:06:47 am,5.46,3.51,2.55
10/26/2019 10:06:47 am,5.461,3.73,2.14
10/26/2019 10:06:47 am,5.462000000000001,3.56,2.15
10/26/2019 10:06:47 am,5.462999999999999,3.24,2.36
10/26/2019 10:06:47 am,5.4639999999999995,3.32,2.61
10/26/2019 10:06:47 am,5.465,3.59,1.93
10/26/2019 10:06:47 am,5.466,3.27,2.31
10/26/2019 10:06:47 am,5.4670000000000005,3.59,2.18
10/26/2019 10:06:47 am,5.468,3.81,2.17
10/26/2019 10:06:47 am,5.468999999999999,3.57,1.85
10/26/2019 10:06:47 am,5.47,3.65,2.44
10/26/2019 10:06:47 am,5.471,3.49,1.84
10/26/2019 10:06:47 am,5.472,3.24,2.09
10/26/2019 10:06:47 am,5.473,3.48,2.17
10/26/2019 10:06:47 am,5.474,3.0,2.09
10/26/2019 10:06:47 am,5.475,3.19,2.31
10/26/2019 10:06:47 am,5.476,3.16,2.22
10/26/2019 10:06:47 am,5.477,3.65,2.47
10/26/2019 10:06:47 am,5.478,3.35,1.93
10/26/2019 10:06:47 am,5.479,3.48,2.33
10/26/2019 10:06:47 am,5.48,3.29,2.17
10/26/2019 10:06:47 am,5.481,3.48,2.15
10/26/2019 10:06:47 am,5.482,3.35,2.17
10/26/2019 10:06:47 am,5.483,2.7,2.39
10/26/2019 10:06:47 am,5.484,3.54,2.31
10/26/2019 10:06:47 am,5.485,3.46,2.23
10/26/2019 10:06:47 am,5.486000000000001,3.27,2.41
10/26/2019 10:06:47 am,5.487,3.62,1.77
10/26/2019 10:06:47 am,5.4879999999999995,3.57,2.04
10/26/2019 10:06:47 am,5.489,3.62,1.71
10/26/2019 10:06:47 am,5.49,3.32,2.47
10/26/2019 10:06:47 am,5.4910000000000005,3.51,2.55
10/26/2019 10:06:47 am,5.492000000000001,3.32,1.74
10/26/2019 10:06:47 am,5.492999999999999,3.49,2.5
10/26/2019 10:06:47 am,5.494,3.19,2.01
10/26/2019 10:06:47 am,5.495,3.38,2.23
10/26/2019 10:06:47 am,5.496,3.48,2.07
10/26/2019 10:06:47 am,5.497000000000001,2.76,1.76
10/26/2019 10:06:47 am,5.497999999999999,3.38,1.88
10/26/2019 10:06:47 am,5.499,3.46,1.82
10/26/2019 10:06:47 am,5.5,3.51,1.82
10/26/2019 10:06:47 am,5.501,3.46,1.9
10/26/2019 10:06:47 am,5.502000000000001,3.59,1.8
10/26/2019 10:06:47 am,5.502999999999999,3.24,1.69
10/26/2019 10:06:47 am,5.504,3.24,1.63
10/26/2019 10:06:47 am,5.505,3.4,1.74
10/26/2019 10:06:47 am,5.506,3.24,2.31
10/26/2019 10:06:47 am,5.507000000000001,2.92,2.25
10/26/2019 10:06:47 am,5.507999999999999,2.84,1.74
10/26/2019 10:06:47 am,5.5089999999999995,3.19,1.66
10/26/2019 10:06:47 am,5.51,3.05,1.96
10/26/2019 10:06:47 am,5.511,3.27,1.96
10/26/2019 10:06:47 am,5.5120000000000005,3.35,1.96
10/26/2019 10:06:47 am,5.513,3.05,1.18
10/26/2019 10:06:47 am,5.513999999999999,3.08,1.72
10/26/2019 10:06:47 am,5.515,2.7,1.72
10/26/2019 10:06:47 am,5.516,2.65,1.61
10/26/2019 10:06:47 am,5.517,3.0,1.99
10/26/2019 10:06:47 am,5.518,3.4,1.69
10/26/2019 10:06:47 am,5.519,3.32,1.64
10/26/2019 10:06:47 am,5.52,2.89,1.85
10/26/2019 10:06:47 am,5.521,2.62,1.9
10/26/2019 10:06:47 am,5.522,3.62,1.64
10/26/2019 10:06:47 am,5.523,3.22,1.66
10/26/2019 10:06:47 am,5.524,3.08,1.63
10/26/2019 10:06:47 am,5.525,3.03,1.63
10/26/2019 10:06:47 am,5.526,2.76,1.5
10/26/2019 10:06:47 am,5.527,3.35,1.45
10/26/2019 10:06:47 am,5.528,2.92,1.77
10/26/2019 10:06:47 am,5.529,2.84,1.48
10/26/2019 10:06:47 am,5.53,3.21,1.48
10/26/2019 10:06:47 am,5.531000000000001,3.11,1.69
10/26/2019 10:06:47 am,5.532,2.95,1.77
10/26/2019 10:06:47 am,5.5329999999999995,3.24,1.63
10/26/2019 10:06:47 am,5.534,3.22,1.71
10/26/2019 10:06:47 am,5.535,3.16,1.88
10/26/2019 10:06:47 am,5.5360000000000005,3.13,1.36
10/26/2019 10:06:47 am,5.537000000000001,3.27,1.5
10/26/2019 10:06:47 am,5.537999999999999,2.78,1.83
10/26/2019 10:06:47 am,5.539,2.95,1.48
10/26/2019 10:06:47 am,5.54,3.0,1.96
10/26/2019 10:06:47 am,5.541,3.11,1.41
10/26/2019 10:06:47 am,5.542000000000001,2.92,1.96
10/26/2019 10:06:47 am,5.542999999999999,2.78,1.55
10/26/2019 10:06:47 am,5.544,3.08,1.63
10/26/2019 10:06:47 am,5.545,2.87,2.02
10/26/2019 10:06:47 am,5.546,3.32,2.02
10/26/2019 10:06:47 am,5.547000000000001,3.54,1.75
10/26/2019 10:06:47 am,5.547999999999999,3.3,1.99
10/26/2019 10:06:47 am,5.5489999999999995,2.89,1.83
10/26/2019 10:06:47 am,5.55,3.27,1.85
10/26/2019 10:06:47 am,5.551,3.32,1.85
10/26/2019 10:06:47 am,5.5520000000000005,3.46,1.93
10/26/2019 10:06:47 am,5.553,3.16,2.04
10/26/2019 10:06:47 am,5.553999999999999,3.48,2.01
10/26/2019 10:06:47 am,5.555,3.48,2.09
10/26/2019 10:06:47 am,5.556,2.84,1.47
10/26/2019 10:06:47 am,5.557,3.14,1.8
10/26/2019 10:06:47 am,5.558,3.3,1.83
10/26/2019 10:06:47 am,5.559,3.51,1.63
10/26/2019 10:06:47 am,5.56,3.22,1.66
10/26/2019 10:06:47 am,5.561,3.32,2.18
10/26/2019 10:06:47 am,5.562,3.54,1.83
10/26/2019 10:06:47 am,5.563,3.54,2.1
10/26/2019 10:06:47 am,5.564,3.4,2.23
10/26/2019 10:06:47 am,5.565,3.24,2.31
10/26/2019 10:06:47 am,5.566,3.78,1.93
10/26/2019 10:06:47 am,5.567,3.08,2.04
10/26/2019 10:06:47 am,5.568,3.62,2.39
10/26/2019 10:06:47 am,5.569,3.1,2.26
10/26/2019 10:06:47 am,5.57,3.4,2.28
10/26/2019 10:06:47 am,5.571000000000001,3.32,2.04
10/26/2019 10:06:47 am,5.572,3.38,2.44
10/26/2019 10:06:47 am,5.5729999999999995,3.35,1.93
10/26/2019 10:06:47 am,5.574,3.57,2.04
10/26/2019 10:06:47 am,5.575,3.4,1.82
10/26/2019 10:06:47 am,5.5760000000000005,3.08,2.25
10/26/2019 10:06:47 am,5.577000000000001,3.03,2.06
10/26/2019 10:06:47 am,5.577999999999999,3.84,2.44
10/26/2019 10:06:47 am,5.579,3.95,1.88
10/26/2019 10:06:47 am,5.58,3.81,2.01
10/26/2019 10:06:47 am,5.581,3.76,2.07
10/26/2019 10:06:47 am,5.582000000000001,3.78,1.63
10/26/2019 10:06:47 am,5.582999999999999,3.16,2.09
10/26/2019 10:06:47 am,5.584,3.81,2.39
10/26/2019 10:06:47 am,5.585,3.32,1.93
10/26/2019 10:06:47 am,5.586,4.02,1.88
10/26/2019 10:06:47 am,5.587000000000001,3.81,2.28
10/26/2019 10:06:47 am,5.587999999999999,3.24,2.44
10/26/2019 10:06:47 am,5.5889999999999995,2.94,1.96
10/26/2019 10:06:47 am,5.59,3.59,2.09
10/26/2019 10:06:47 am,5.591,3.97,2.23
10/26/2019 10:06:47 am,5.5920000000000005,3.62,1.96
10/26/2019 10:06:47 am,5.593,3.38,1.74
10/26/2019 10:06:47 am,5.593999999999999,3.54,2.06
10/26/2019 10:06:47 am,5.595,3.49,1.91
10/26/2019 10:06:47 am,5.596,3.62,2.45
10/26/2019 10:06:47 am,5.597,3.84,2.39
10/26/2019 10:06:47 am,5.598,3.84,2.2
10/26/2019 10:06:47 am,5.599,2.95,1.99
10/26/2019 10:06:47 am,5.6,3.54,1.55
10/26/2019 10:06:47 am,5.601,3.22,1.71
10/26/2019 10:06:47 am,5.602,3.03,1.77
10/26/2019 10:06:47 am,5.603,3.62,1.99
10/26/2019 10:06:47 am,5.604,3.54,1.96
10/26/2019 10:06:47 am,5.605,3.35,1.88
10/26/2019 10:06:47 am,5.606,3.11,2.28
10/26/2019 10:06:47 am,5.607,3.32,1.9
10/26/2019 10:06:47 am,5.608,3.46,1.87
10/26/2019 10:06:47 am,5.609,3.78,2.17
10/26/2019 10:06:47 am,5.61,3.43,1.83
10/26/2019 10:06:47 am,5.611000000000001,3.05,1.58
10/26/2019 10:06:47 am,5.612,3.16,1.88
10/26/2019 10:06:47 am,5.6129999999999995,3.35,2.12
10/26/2019 10:06:47 am,5.614,2.86,1.8
10/26/2019 10:06:47 am,5.615,2.97,1.74
10/26/2019 10:06:47 am,5.6160000000000005,3.51,2.12
10/26/2019 10:06:47 am,5.617000000000001,3.21,1.48
10/26/2019 10:06:47 am,5.617999999999999,2.6,1.64
10/26/2019 10:06:47 am,5.619,2.78,1.93
10/26/2019 10:06:47 am,5.62,3.27,2.04
10/26/2019 10:06:47 am,5.621,3.46,2.04
10/26/2019 10:06:47 am,5.622000000000001,3.57,1.67
10/26/2019 10:06:47 am,5.622999999999999,2.86,1.77
10/26/2019 10:06:47 am,5.624,3.19,1.8
10/26/2019 10:06:47 am,5.625,3.3,1.53
10/26/2019 10:06:47 am,5.626,3.0,1.47
10/26/2019 10:06:47 am,5.627000000000001,2.92,1.85
10/26/2019 10:06:47 am,5.627999999999999,3.14,1.86
10/26/2019 10:06:47 am,5.629,2.92,1.25
10/26/2019 10:06:47 am,5.63,3.05,1.37
10/26/2019 10:06:47 am,5.631,2.49,1.48
10/26/2019 10:06:47 am,5.632000000000001,2.81,1.47
10/26/2019 10:06:47 am,5.632999999999999,3.11,1.93
10/26/2019 10:06:47 am,5.6339999999999995,3.4,1.17
10/26/2019 10:06:47 am,5.635,3.06,1.83
10/26/2019 10:06:47 am,5.636,3.22,1.83
10/26/2019 10:06:47 am,5.6370000000000005,3.14,1.5
10/26/2019 10:06:47 am,5.638,2.92,1.82
10/26/2019 10:06:47 am,5.638999999999999,3.19,1.91
10/26/2019 10:06:47 am,5.64,2.89,1.9
10/26/2019 10:06:47 am,5.641,2.65,1.64
10/26/2019 10:06:47 am,5.642,3.0,1.55
10/26/2019 10:06:47 am,5.643,2.97,1.69
10/26/2019 10:06:47 am,5.644,3.16,1.69
10/26/2019 10:06:47 am,5.645,3.73,1.55
10/26/2019 10:06:47 am,5.646,2.73,1.64
10/26/2019 10:06:47 am,5.647,3.19,1.63
10/26/2019 10:06:47 am,5.648,3.27,1.88
10/26/2019 10:06:47 am,5.649,3.22,2.1
10/26/2019 10:06:47 am,5.65,3.46,1.79
10/26/2019 10:06:47 am,5.651,3.08,1.77
10/26/2019 10:06:47 am,5.652,3.11,1.56
10/26/2019 10:06:47 am,5.653,3.19,1.59
10/26/2019 10:06:47 am,5.654,3.0,1.72
10/26/2019 10:06:47 am,5.655,3.3,1.77
10/26/2019 10:06:47 am,5.656000000000001,3.35,1.61
10/26/2019 10:06:47 am,5.657,3.38,1.88
10/26/2019 10:06:47 am,5.6579999999999995,3.13,1.91
10/26/2019 10:06:47 am,5.659,3.24,1.88
10/26/2019 10:06:47 am,5.66,2.81,1.74
10/26/2019 10:06:47 am,5.6610000000000005,2.84,1.85
10/26/2019 10:06:47 am,5.662000000000001,3.16,1.91
10/26/2019 10:06:47 am,5.662999999999999,3.24,2.01
10/26/2019 10:06:47 am,5.664,3.3,1.96
10/26/2019 10:06:47 am,5.665,3.22,2.12
10/26/2019 10:06:47 am,5.666,3.3,1.63
10/26/2019 10:06:47 am,5.667000000000001,3.11,1.88
10/26/2019 10:06:47 am,5.667999999999999,3.35,2.15
10/26/2019 10:06:47 am,5.669,3.22,2.18
10/26/2019 10:06:47 am,5.67,3.59,2.28
10/26/2019 10:06:47 am,5.671,3.03,1.71
10/26/2019 10:06:47 am,5.672000000000001,2.95,2.09
10/26/2019 10:06:47 am,5.672999999999999,3.89,1.74
10/26/2019 10:06:47 am,5.6739999999999995,3.19,2.06
10/26/2019 10:06:47 am,5.675,3.59,1.85
10/26/2019 10:06:47 am,5.676,3.48,2.04
10/26/2019 10:06:47 am,5.6770000000000005,3.03,2.04
10/26/2019 10:06:47 am,5.678,3.62,1.95
10/26/2019 10:06:47 am,5.678999999999999,3.51,1.99
10/26/2019 10:06:47 am,5.68,3.7,1.9
10/26/2019 10:06:47 am,5.681,3.62,1.93
10/26/2019 10:06:47 am,5.682,3.32,2.17
10/26/2019 10:06:47 am,5.683,3.95,1.85
10/26/2019 10:06:47 am,5.684,3.49,1.77
10/26/2019 10:06:47 am,5.685,3.54,2.15
10/26/2019 10:06:47 am,5.686,3.43,1.93
10/26/2019 10:06:47 am,5.687,3.89,2.47
10/26/2019 10:06:47 am,5.688,3.35,2.31
10/26/2019 10:06:47 am,5.689,3.57,2.15
10/26/2019 10:06:47 am,5.69,3.57,2.2
10/26/2019 10:06:47 am,5.691,3.59,2.07
10/26/2019 10:06:47 am,5.692,3.73,2.39
10/26/2019 10:06:47 am,5.693,3.3,2.37
10/26/2019 10:06:47 am,5.694,3.57,1.85
10/26/2019 10:06:47 am,5.695,3.95,2.25
10/26/2019 10:06:47 am,5.696000000000001,3.38,2.09
10/26/2019 10:06:47 am,5.697,3.4,2.12
10/26/2019 10:06:47 am,5.6979999999999995,3.3,2.44
10/26/2019 10:06:47 am,5.699,3.32,2.03
10/26/2019 10:06:47 am,5.7,3.19,2.07
10/26/2019 10:06:47 am,5.7010000000000005,3.7,1.96
10/26/2019 10:06:47 am,5.702000000000001,3.54,2.17
10/26/2019 10:06:47 am,5.702999999999999,3.24,2.01
10/26/2019 10:06:47 am,5.704,3.49,1.98
10/26/2019 10:06:47 am,5.705,3.24,1.8
10/26/2019 10:06:47 am,5.706,3.43,1.85
10/26/2019 10:06:47 am,5.707000000000001,3.32,1.79
10/26/2019 10:06:47 am,5.707999999999999,3.4,1.9
10/26/2019 10:06:47 am,5.709,3.54,1.9
10/26/2019 10:06:47 am,5.71,3.21,2.04
10/26/2019 10:06:47 am,5.711,3.24,1.79
10/26/2019 10:06:47 am,5.712000000000001,3.46,1.88
10/26/2019 10:06:47 am,5.712999999999999,3.32,2.39
10/26/2019 10:06:47 am,5.7139999999999995,3.08,1.42
10/26/2019 10:06:47 am,5.715,3.3,1.98
10/26/2019 10:06:47 am,5.716,3.92,1.99
10/26/2019 10:06:47 am,5.7170000000000005,3.19,1.77
10/26/2019 10:06:47 am,5.718,3.03,1.8
10/26/2019 10:06:47 am,5.718999999999999,3.62,1.82
10/26/2019 10:06:47 am,5.72,3.73,1.87
10/26/2019 10:06:47 am,5.721,3.19,1.83
10/26/2019 10:06:47 am,5.722,3.22,1.74
10/26/2019 10:06:47 am,5.723,3.24,2.04
10/26/2019 10:06:47 am,5.724,3.05,1.63
10/26/2019 10:06:47 am,5.725,3.3,1.77
10/26/2019 10:06:47 am,5.726,3.19,1.77
10/26/2019 10:06:47 am,5.727,3.21,1.96
10/26/2019 10:06:47 am,5.728,3.11,2.15
10/26/2019 10:06:47 am,5.729,3.32,1.6
10/26/2019 10:06:47 am,5.73,3.43,1.58
10/26/2019 10:06:47 am,5.731,3.3,1.64
10/26/2019 10:06:47 am,5.732,3.38,1.85
10/26/2019 10:06:47 am,5.733,3.16,1.58
10/26/2019 10:06:47 am,5.734,3.65,1.88
10/26/2019 10:06:47 am,5.735,3.11,1.77
10/26/2019 10:06:47 am,5.736000000000001,3.54,1.48
10/26/2019 10:06:47 am,5.737,3.27,2.18
10/26/2019 10:06:47 am,5.7379999999999995,2.81,1.77
10/26/2019 10:06:47 am,5.739,3.16,1.96
10/26/2019 10:06:47 am,5.74,3.14,1.94
10/26/2019 10:06:47 am,5.7410000000000005,3.13,1.61
10/26/2019 10:06:47 am,5.742000000000001,2.7,2.1
10/26/2019 10:06:47 am,5.742999999999999,3.73,1.94
10/26/2019 10:06:47 am,5.744,3.03,1.67
10/26/2019 10:06:47 am,5.745,2.89,1.98
10/26/2019 10:06:47 am,5.746,3.57,1.96
10/26/2019 10:06:47 am,5.747000000000001,2.95,1.66
10/26/2019 10:06:47 am,5.747999999999999,3.11,1.96
10/26/2019 10:06:47 am,5.749,3.24,1.85
10/26/2019 10:06:47 am,5.75,2.73,1.74
10/26/2019 10:06:47 am,5.751,3.22,2.04
10/26/2019 10:06:47 am,5.752000000000001,3.38,1.66
10/26/2019 10:06:47 am,5.752999999999999,3.22,1.87
10/26/2019 10:06:47 am,5.754,3.0,1.75
10/26/2019 10:06:47 am,5.755,3.24,1.88
10/26/2019 10:06:47 am,5.756,3.59,1.8
10/26/2019 10:06:47 am,5.757000000000001,3.67,2.39
10/26/2019 10:06:47 am,5.757999999999999,3.11,1.8
10/26/2019 10:06:47 am,5.7589999999999995,2.95,1.9
10/26/2019 10:06:47 am,5.76,3.22,2.39
10/26/2019 10:06:47 am,5.761,3.32,2.18
10/26/2019 10:06:47 am,5.7620000000000005,3.62,1.72
10/26/2019 10:06:47 am,5.763,3.62,1.72
10/26/2019 10:06:47 am,5.763999999999999,3.3,2.18
10/26/2019 10:06:47 am,5.765,3.0,1.88
10/26/2019 10:06:47 am,5.766,3.67,2.15
10/26/2019 10:06:47 am,5.767,3.46,2.02
10/26/2019 10:06:47 am,5.768,3.3,1.58
10/26/2019 10:06:47 am,5.769,3.32,1.99
10/26/2019 10:06:47 am,5.77,2.94,2.02
10/26/2019 10:06:47 am,5.771,3.43,2.26
10/26/2019 10:06:47 am,5.772,3.49,2.04
10/26/2019 10:06:47 am,5.773,3.22,2.07
10/26/2019 10:06:47 am,5.774,3.38,1.88
10/26/2019 10:06:47 am,5.775,3.38,2.2
10/26/2019 10:06:47 am,5.776,3.51,2.36
10/26/2019 10:06:47 am,5.777,2.84,2.47
10/26/2019 10:06:47 am,5.778,3.57,1.91
10/26/2019 10:06:47 am,5.779,3.54,1.91
10/26/2019 10:06:47 am,5.78,3.67,2.23
10/26/2019 10:06:47 am,5.781000000000001,3.51,2.15
10/26/2019 10:06:47 am,5.782,3.43,1.8
10/26/2019 10:06:47 am,5.7829999999999995,3.19,1.77
10/26/2019 10:06:47 am,5.784,3.32,1.88
10/26/2019 10:06:47 am,5.785,3.57,2.44
10/26/2019 10:06:47 am,5.7860000000000005,3.62,1.82
10/26/2019 10:06:47 am,5.787000000000001,3.32,1.99
10/26/2019 10:06:47 am,5.787999999999999,3.27,2.39
10/26/2019 10:06:47 am,5.789,3.67,1.98
10/26/2019 10:06:47 am,5.79,3.46,2.09
10/26/2019 10:06:47 am,5.791,3.08,2.45
10/26/2019 10:06:47 am,5.792000000000001,3.32,2.47
10/26/2019 10:06:47 am,5.792999999999999,3.54,2.07
10/26/2019 10:06:47 am,5.794,3.4,1.8
10/26/2019 10:06:47 am,5.795,3.6,2.15
10/26/2019 10:06:47 am,5.796,3.13,2.18
10/26/2019 10:06:47 am,5.797000000000001,3.21,1.85
10/26/2019 10:06:47 am,5.797999999999999,3.38,2.15
10/26/2019 10:06:47 am,5.7989999999999995,3.38,1.61
10/26/2019 10:06:47 am,5.8,3.43,2.04
10/26/2019 10:06:47 am,5.801,3.38,2.26
10/26/2019 10:06:47 am,5.8020000000000005,3.03,2.07
10/26/2019 10:06:47 am,5.803,3.08,1.9
10/26/2019 10:06:47 am,5.803999999999999,3.05,1.85
10/26/2019 10:06:47 am,5.805,3.21,1.74
10/26/2019 10:06:47 am,5.806,3.48,1.9
10/26/2019 10:06:47 am,5.807,2.95,1.39
10/26/2019 10:06:47 am,5.808,3.27,1.61
10/26/2019 10:06:47 am,5.809,3.24,1.71
10/26/2019 10:06:47 am,5.81,3.06,1.77
10/26/2019 10:06:47 am,5.811,3.27,1.88
10/26/2019 10:06:47 am,5.812,3.51,1.72
10/26/2019 10:06:47 am,5.813,3.46,1.55
10/26/2019 10:06:47 am,5.814,3.43,2.2
10/26/2019 10:06:47 am,5.815,3.51,1.88
10/26/2019 10:06:47 am,5.816,3.3,2.01
10/26/2019 10:06:47 am,5.817,3.43,1.96
10/26/2019 10:06:47 am,5.818,3.24,2.53
10/26/2019 10:06:47 am,5.819,3.51,2.28
10/26/2019 10:06:47 am,5.82,3.43,2.04
10/26/2019 10:06:47 am,5.821000000000001,3.43,1.52
10/26/2019 10:06:47 am,5.822,3.57,1.63
10/26/2019 10:06:47 am,5.8229999999999995,3.65,1.58
10/26/2019 10:06:47 am,5.824,3.13,2.07
10/26/2019 10:06:47 am,5.825,3.57,1.79
10/26/2019 10:06:47 am,5.8260000000000005,3.24,2.01
10/26/2019 10:06:47 am,5.827000000000001,3.3,1.99
10/26/2019 10:06:47 am,5.827999999999999,3.54,2.13
10/26/2019 10:06:47 am,5.829,3.05,2.09
10/26/2019 10:06:47 am,5.83,3.35,1.58
10/26/2019 10:06:47 am,5.831,3.46,1.75
10/26/2019 10:06:47 am,5.832000000000001,3.03,1.5
10/26/2019 10:06:47 am,5.832999999999999,3.32,1.45
10/26/2019 10:06:47 am,5.834,3.16,1.39
10/26/2019 10:06:47 am,5.835,3.38,2.07
10/26/2019 10:06:47 am,5.836,3.05,1.8
10/26/2019 10:06:47 am,5.837000000000001,2.97,1.61
10/26/2019 10:06:47 am,5.837999999999999,3.22,2.07
10/26/2019 10:06:47 am,5.8389999999999995,3.22,1.5
10/26/2019 10:06:47 am,5.84,3.3,1.8
10/26/2019 10:06:47 am,5.841,3.32,1.96
10/26/2019 10:06:47 am,5.8420000000000005,3.0,1.64
10/26/2019 10:06:47 am,5.843,3.38,2.31
10/26/2019 10:06:47 am,5.843999999999999,3.16,1.8
10/26/2019 10:06:47 am,5.845,3.11,1.91
10/26/2019 10:06:47 am,5.846,3.14,2.02
10/26/2019 10:06:47 am,5.847,3.38,1.71
10/26/2019 10:06:47 am,5.848,3.22,1.61
10/26/2019 10:06:47 am,5.849,3.08,1.9
10/26/2019 10:06:47 am,5.85,3.05,1.91
10/26/2019 10:06:47 am,5.851,3.46,1.61
10/26/2019 10:06:47 am,5.852,3.22,1.42
10/26/2019 10:06:47 am,5.853,3.49,2.12
10/26/2019 10:06:47 am,5.854,3.08,2.17
10/26/2019 10:06:47 am,5.855,3.08,1.42
10/26/2019 10:06:47 am,5.856,3.3,1.63
10/26/2019 10:06:47 am,5.857,3.57,1.25
10/26/2019 10:06:47 am,5.858,2.95,1.86
10/26/2019 10:06:47 am,5.859,3.05,1.72
10/26/2019 10:06:47 am,5.86,3.05,1.91
10/26/2019 10:06:47 am,5.861000000000001,3.03,1.85
10/26/2019 10:06:47 am,5.862,3.59,1.47
10/26/2019 10:06:47 am,5.8629999999999995,3.16,1.93
10/26/2019 10:06:47 am,5.864,3.32,2.1
10/26/2019 10:06:47 am,5.865,2.81,2.2
10/26/2019 10:06:47 am,5.8660000000000005,3.43,1.69
10/26/2019 10:06:47 am,5.867000000000001,3.51,1.69
10/26/2019 10:06:47 am,5.867999999999999,3.03,1.61
10/26/2019 10:06:47 am,5.869,3.43,1.58
10/26/2019 10:06:47 am,5.87,3.62,1.66
10/26/2019 10:06:47 am,5.871,3.51,1.88
10/26/2019 10:06:47 am,5.872000000000001,3.16,1.85
10/26/2019 10:06:47 am,5.872999999999999,3.6,1.49
10/26/2019 10:06:47 am,5.874,3.08,2.18
10/26/2019 10:06:47 am,5.875,3.16,2.23
10/26/2019 10:06:47 am,5.876,3.08,2.28
10/26/2019 10:06:47 am,5.877000000000001,3.48,1.96
10/26/2019 10:06:47 am,5.877999999999999,3.65,1.85
10/26/2019 10:06:47 am,5.879,3.65,1.74
10/26/2019 10:06:47 am,5.88,3.3,2.23
10/26/2019 10:06:47 am,5.881,3.54,1.9
10/26/2019 10:06:47 am,5.882000000000001,3.65,2.04
10/26/2019 10:06:47 am,5.882999999999999,3.41,1.88
10/26/2019 10:06:47 am,5.8839999999999995,3.59,1.42
10/26/2019 10:06:47 am,5.885,3.24,1.77
10/26/2019 10:06:47 am,5.886,3.73,1.93
10/26/2019 10:06:47 am,5.8870000000000005,3.75,1.76
10/26/2019 10:06:47 am,5.888,3.4,2.26
10/26/2019 10:06:47 am,5.888999999999999,3.27,1.9
10/26/2019 10:06:47 am,5.89,3.51,2.26
10/26/2019 10:06:47 am,5.891,3.19,2.01
10/26/2019 10:06:47 am,5.892,3.73,1.82
10/26/2019 10:06:47 am,5.893,3.35,1.71
10/26/2019 10:06:47 am,5.894,3.65,1.96
10/26/2019 10:06:47 am,5.895,3.35,2.23
10/26/2019 10:06:47 am,5.896,3.49,2.09
10/26/2019 10:06:47 am,5.897,3.35,2.2
10/26/2019 10:06:47 am,5.898,3.65,1.87
10/26/2019 10:06:47 am,5.899,3.51,1.9
10/26/2019 10:06:47 am,5.9,3.24,1.85
10/26/2019 10:06:47 am,5.901,3.7,2.06
10/26/2019 10:06:47 am,5.902,3.3,1.83
10/26/2019 10:06:47 am,5.903,3.41,2.15
10/26/2019 10:06:47 am,5.904,3.59,1.99
10/26/2019 10:06:47 am,5.905,3.43,2.12
10/26/2019 10:06:47 am,5.906000000000001,3.46,2.15
10/26/2019 10:06:47 am,5.907,3.67,1.96
10/26/2019 10:06:47 am,5.9079999999999995,3.76,2.28
10/26/2019 10:06:47 am,5.909,3.38,2.2
10/26/2019 10:06:47 am,5.91,3.81,2.14
10/26/2019 10:06:47 am,5.9110000000000005,3.38,1.93
10/26/2019 10:06:47 am,5.912000000000001,3.49,1.85
10/26/2019 10:06:47 am,5.912999999999999,3.62,1.66
10/26/2019 10:06:47 am,5.914,3.24,1.63
10/26/2019 10:06:47 am,5.915,3.24,1.69
10/26/2019 10:06:47 am,5.916,3.3,1.85
10/26/2019 10:06:47 am,5.917000000000001,3.11,2.09
10/26/2019 10:06:47 am,5.917999999999999,3.35,1.61
10/26/2019 10:06:47 am,5.919,3.08,1.63
10/26/2019 10:06:47 am,5.92,3.51,1.85
10/26/2019 10:06:47 am,5.921,3.35,2.23
10/26/2019 10:06:47 am,5.922000000000001,3.05,1.99
10/26/2019 10:06:47 am,5.922999999999999,3.22,1.72
10/26/2019 10:06:47 am,5.9239999999999995,3.43,1.34
10/26/2019 10:06:47 am,5.925,3.3,1.55
10/26/2019 10:06:47 am,5.926,2.97,2.15
10/26/2019 10:06:47 am,5.9270000000000005,3.08,2.01
10/26/2019 10:06:47 am,5.928,2.78,1.42
10/26/2019 10:06:47 am,5.928999999999999,3.38,1.82
10/26/2019 10:06:47 am,5.93,3.27,1.99
10/26/2019 10:06:47 am,5.931,3.51,1.52
10/26/2019 10:06:47 am,5.932,2.95,2.47
10/26/2019 10:06:47 am,5.933,2.95,1.88
10/26/2019 10:06:47 am,5.934,3.27,1.56
10/26/2019 10:06:47 am,5.935,3.38,1.34
10/26/2019 10:06:47 am,5.936,3.13,1.96
10/26/2019 10:06:47 am,5.937,3.43,2.04
10/26/2019 10:06:47 am,5.938,3.43,2.13
10/26/2019 10:06:47 am,5.939,3.35,2.02
10/26/2019 10:06:47 am,5.94,3.67,1.37
10/26/2019 10:06:47 am,5.941,3.4,1.75
10/26/2019 10:06:47 am,5.942,3.49,1.96
10/26/2019 10:06:47 am,5.943,3.73,2.07
10/26/2019 10:06:47 am,5.944,2.62,1.82
10/26/2019 10:06:47 am,5.945,3.16,1.88
10/26/2019 10:06:47 am,5.946000000000001,3.24,2.12
10/26/2019 10:06:47 am,5.947,3.32,1.53
10/26/2019 10:06:47 am,5.9479999999999995,3.22,1.82
10/26/2019 10:06:47 am,5.949,2.81,1.5
10/26/2019 10:06:47 am,5.95,3.0,1.42
10/26/2019 10:06:47 am,5.9510000000000005,3.32,1.74
10/26/2019 10:06:47 am,5.952000000000001,3.43,1.69
10/26/2019 10:06:47 am,5.952999999999999,3.19,1.37
10/26/2019 10:06:47 am,5.954,3.38,1.29
10/26/2019 10:06:47 am,5.955,3.35,1.85
10/26/2019 10:06:47 am,5.956,3.11,1.61
10/26/2019 10:06:47 am,5.957000000000001,2.78,2.12
10/26/2019 10:06:47 am,5.957999999999999,2.97,1.69
10/26/2019 10:06:47 am,5.959,3.57,2.23
10/26/2019 10:06:47 am,5.96,3.57,1.83
10/26/2019 10:06:47 am,5.961,3.16,1.98
10/26/2019 10:06:47 am,5.962000000000001,3.06,2.26
10/26/2019 10:06:47 am,5.962999999999999,2.86,2.01
10/26/2019 10:06:47 am,5.9639999999999995,3.16,1.88
10/26/2019 10:06:47 am,5.965,3.43,1.58
10/26/2019 10:06:47 am,5.966,3.14,1.85
10/26/2019 10:06:47 am,5.9670000000000005,3.38,1.64
10/26/2019 10:06:47 am,5.968,3.51,2.02
10/26/2019 10:06:47 am,5.968999999999999,3.41,1.61
10/26/2019 10:06:47 am,5.97,3.54,1.83
10/26/2019 10:06:47 am,5.971,2.92,2.23
10/26/2019 10:06:47 am,5.972,2.51,1.88
10/26/2019 10:06:47 am,5.973,3.3,1.93
10/26/2019 10:06:47 am,5.974,3.32,2.44
10/26/2019 10:06:47 am,5.975,3.4,2.15
10/26/2019 10:06:47 am,5.976,3.32,2.18
10/26/2019 10:06:47 am,5.977,3.0,2.61
10/26/2019 10:06:47 am,5.978,3.08,1.8
10/26/2019 10:06:47 am,5.979,3.92,2.12
10/26/2019 10:06:47 am,5.98,3.27,1.9
10/26/2019 10:06:47 am,5.981,3.4,1.63
10/26/2019 10:06:47 am,5.982,3.24,1.96
10/26/2019 10:06:47 am,5.983,3.35,2.01
10/26/2019 10:06:47 am,5.984,3.43,2.06
10/26/2019 10:06:47 am,5.985,3.38,1.79
10/26/2019 10:06:47 am,5.986000000000001,3.62,2.18
10/26/2019 10:06:47 am,5.987,3.13,2.31
10/26/2019 10:06:47 am,5.9879999999999995,3.46,2.15
10/26/2019 10:06:47 am,5.989,3.22,1.93
10/26/2019 10:06:47 am,5.99,3.24,1.47
10/26/2019 10:06:47 am,5.9910000000000005,3.41,1.85
10/26/2019 10:06:47 am,5.992000000000001,3.86,2.28
10/26/2019 10:06:47 am,5.992999999999999,2.89,1.98
10/26/2019 10:06:47 am,5.994,3.24,1.85
10/26/2019 10:06:47 am,5.995,3.46,1.93
10/26/2019 10:06:47 am,5.996,3.35,1.45
10/26/2019 10:06:47 am,5.997000000000001,3.08,2.07
10/26/2019 10:06:47 am,5.997999999999999,3.3,2.31
10/26/2019 10:06:47 am,5.999,3.73,2.1
10/26/2019 10:06:48 am,6.0,3.3,2.12
10/26/2019 10:06:48 am,6.001,3.49,1.87
10/26/2019 10:06:48 am,6.002000000000001,3.43,2.12
10/26/2019 10:06:48 am,6.002999999999999,3.57,2.15
10/26/2019 10:06:48 am,6.004,3.19,2.07
10/26/2019 10:06:48 am,6.005,3.19,2.12
10/26/2019 10:06:48 am,6.006,3.38,2.42
10/26/2019 10:06:48 am,6.007000000000001,3.27,2.61
10/26/2019 10:06:48 am,6.007999999999999,3.7,1.61
10/26/2019 10:06:48 am,6.0089999999999995,3.7,1.82
10/26/2019 10:06:48 am,6.01,3.51,1.95
10/26/2019 10:06:48 am,6.011,3.43,2.07
10/26/2019 10:06:48 am,6.0120000000000005,3.35,2.07
10/26/2019 10:06:48 am,6.013,2.76,2.39
10/26/2019 10:06:48 am,6.013999999999999,3.38,1.74
10/26/2019 10:06:48 am,6.015,3.54,1.91
10/26/2019 10:06:48 am,6.016,3.46,1.8
10/26/2019 10:06:48 am,6.017,3.3,1.75
10/26/2019 10:06:48 am,6.018,3.54,1.96
10/26/2019 10:06:48 am,6.019,3.16,1.77
10/26/2019 10:06:48 am,6.02,3.38,1.8
10/26/2019 10:06:48 am,6.021,3.24,1.94
10/26/2019 10:06:48 am,6.022,3.51,2.09
10/26/2019 10:06:48 am,6.023,3.43,1.74
10/26/2019 10:06:48 am,6.024,2.92,1.98
10/26/2019 10:06:48 am,6.025,3.7,1.8
10/26/2019 10:06:48 am,6.026,3.35,2.04
10/26/2019 10:06:48 am,6.027,2.86,2.28
10/26/2019 10:06:48 am,6.028,2.76,1.64
10/26/2019 10:06:48 am,6.029,3.22,1.8
10/26/2019 10:06:48 am,6.03,3.41,1.15
10/26/2019 10:06:48 am,6.031000000000001,2.84,1.88
10/26/2019 10:06:48 am,6.032,3.7,2.26
10/26/2019 10:06:48 am,6.0329999999999995,3.59,1.77
10/26/2019 10:06:48 am,6.034,3.43,1.8
10/26/2019 10:06:48 am,6.035,3.22,2.02
10/26/2019 10:06:48 am,6.0360000000000005,3.54,1.91
10/26/2019 10:06:48 am,6.037000000000001,3.24,1.56
10/26/2019 10:06:48 am,6.037999999999999,3.11,1.9
10/26/2019 10:06:48 am,6.039,3.4,2.37
10/26/2019 10:06:48 am,6.04,3.16,1.97
10/26/2019 10:06:48 am,6.041,2.97,1.66
10/26/2019 10:06:48 am,6.042000000000001,3.49,1.58
10/26/2019 10:06:48 am,6.042999999999999,3.43,1.77
10/26/2019 10:06:48 am,6.044,3.11,1.72
10/26/2019 10:06:48 am,6.045,3.11,1.45
10/26/2019 10:06:48 am,6.046,3.16,1.67
10/26/2019 10:06:48 am,6.047000000000001,3.32,1.56
10/26/2019 10:06:48 am,6.047999999999999,3.11,1.83
10/26/2019 10:06:48 am,6.0489999999999995,3.05,1.91
10/26/2019 10:06:48 am,6.05,3.0,1.8
10/26/2019 10:06:48 am,6.051,2.97,1.63
10/26/2019 10:06:48 am,6.0520000000000005,3.19,1.8
10/26/2019 10:06:48 am,6.053,3.43,1.8
10/26/2019 10:06:48 am,6.053999999999999,3.62,1.96
10/26/2019 10:06:48 am,6.055,3.86,1.8
10/26/2019 10:06:48 am,6.056,3.62,1.66
10/26/2019 10:06:48 am,6.057,3.27,1.96
10/26/2019 10:06:48 am,6.058,3.21,1.63
10/26/2019 10:06:48 am,6.059,3.08,1.71
10/26/2019 10:06:48 am,6.06,3.11,1.34
10/26/2019 10:06:48 am,6.061,3.08,2.04
10/26/2019 10:06:48 am,6.062,3.08,2.37
10/26/2019 10:06:48 am,6.063,3.22,1.53
10/26/2019 10:06:48 am,6.064,3.3,1.69
10/26/2019 10:06:48 am,6.065,3.24,1.61
10/26/2019 10:06:48 am,6.066,2.97,1.96
10/26/2019 10:06:48 am,6.067,3.49,2.04
10/26/2019 10:06:48 am,6.068,3.27,1.82
10/26/2019 10:06:48 am,6.069,3.81,1.99
10/26/2019 10:06:48 am,6.07,3.51,2.37
10/26/2019 10:06:48 am,6.071000000000001,3.3,1.83
10/26/2019 10:06:48 am,6.072,3.13,1.88
10/26/2019 10:06:48 am,6.0729999999999995,3.35,2.28
10/26/2019 10:06:48 am,6.074,3.62,1.99
10/26/2019 10:06:48 am,6.075,3.3,1.64
10/26/2019 10:06:48 am,6.0760000000000005,3.08,1.88
10/26/2019 10:06:48 am,6.077000000000001,3.27,1.96
10/26/2019 10:06:48 am,6.077999999999999,3.54,2.1
10/26/2019 10:06:48 am,6.079,3.11,1.88
10/26/2019 10:06:48 am,6.08,3.54,1.85
10/26/2019 10:06:48 am,6.081,2.92,1.91
10/26/2019 10:06:48 am,6.082000000000001,3.4,2.07
10/26/2019 10:06:48 am,6.082999999999999,2.89,2.07
10/26/2019 10:06:48 am,6.084,3.27,2.31
10/26/2019 10:06:48 am,6.085,3.29,2.07
10/26/2019 10:06:48 am,6.086,3.27,1.91
10/26/2019 10:06:48 am,6.087000000000001,3.27,2.37
10/26/2019 10:06:48 am,6.087999999999999,3.35,2.15
10/26/2019 10:06:48 am,6.0889999999999995,3.43,2.36
10/26/2019 10:06:48 am,6.09,3.27,1.96
10/26/2019 10:06:48 am,6.091,3.3,2.09
10/26/2019 10:06:48 am,6.0920000000000005,3.46,2.23
10/26/2019 10:06:48 am,6.093,3.3,1.58
10/26/2019 10:06:48 am,6.093999999999999,3.05,2.15
10/26/2019 10:06:48 am,6.095,3.78,2.09
10/26/2019 10:06:48 am,6.096,3.73,1.58
10/26/2019 10:06:48 am,6.097,3.38,1.61
10/26/2019 10:06:48 am,6.098,3.59,2.26
10/26/2019 10:06:48 am,6.099,3.22,2.72
10/26/2019 10:06:48 am,6.1,3.62,2.2
10/26/2019 10:06:48 am,6.101,3.11,2.01
10/26/2019 10:06:48 am,6.102,3.24,2.07
10/26/2019 10:06:48 am,6.103,3.24,1.8
10/26/2019 10:06:48 am,6.104,3.54,2.15
10/26/2019 10:06:48 am,6.105,3.62,2.17
10/26/2019 10:06:48 am,6.106,3.48,1.58
10/26/2019 10:06:48 am,6.107,3.57,2.1
10/26/2019 10:06:48 am,6.108,3.92,1.83
10/26/2019 10:06:48 am,6.109,3.78,1.85
10/26/2019 10:06:48 am,6.11,3.54,1.93
10/26/2019 10:06:48 am,6.111000000000001,3.11,2.01
10/26/2019 10:06:48 am,6.112,3.05,2.18
10/26/2019 10:06:48 am,6.1129999999999995,3.43,1.99
10/26/2019 10:06:48 am,6.114,3.95,2.39
10/26/2019 10:06:48 am,6.115,3.57,1.88
10/26/2019 10:06:48 am,6.1160000000000005,3.27,2.07
10/26/2019 10:06:48 am,6.117000000000001,3.81,2.28
10/26/2019 10:06:48 am,6.117999999999999,3.24,2.5
10/26/2019 10:06:48 am,6.119,3.54,2.04
10/26/2019 10:06:48 am,6.12,3.35,2.31
10/26/2019 10:06:48 am,6.121,3.21,1.96
10/26/2019 10:06:48 am,6.122000000000001,3.3,2.2
10/26/2019 10:06:48 am,6.122999999999999,3.03,2.01
10/26/2019 10:06:48 am,6.124,3.92,1.93
10/26/2019 10:06:48 am,6.125,3.81,1.91
10/26/2019 10:06:48 am,6.126,3.59,2.18
10/26/2019 10:06:48 am,6.127000000000001,3.03,2.34
10/26/2019 10:06:48 am,6.127999999999999,3.35,2.17
10/26/2019 10:06:48 am,6.129,3.38,1.63
10/26/2019 10:06:48 am,6.13,2.84,1.77
10/26/2019 10:06:48 am,6.131,3.43,1.77
10/26/2019 10:06:48 am,6.132000000000001,3.33,1.88
10/26/2019 10:06:48 am,6.132999999999999,3.78,2.21
10/26/2019 10:06:48 am,6.1339999999999995,3.32,2.07
10/26/2019 10:06:48 am,6.135,3.16,2.53
10/26/2019 10:06:48 am,6.136,3.27,2.4
10/26/2019 10:06:48 am,6.1370000000000005,3.19,2.42
10/26/2019 10:06:48 am,6.138,3.43,2.15
10/26/2019 10:06:48 am,6.138999999999999,3.43,1.69
10/26/2019 10:06:48 am,6.14,3.3,1.72
10/26/2019 10:06:48 am,6.141,3.27,2.31
10/26/2019 10:06:48 am,6.142,3.4,1.93
10/26/2019 10:06:48 am,6.143,3.3,1.77
10/26/2019 10:06:48 am,6.144,3.21,2.1
10/26/2019 10:06:48 am,6.145,3.38,1.83
10/26/2019 10:06:48 am,6.146,2.86,1.22
10/26/2019 10:06:48 am,6.147,3.49,2.15
10/26/2019 10:06:48 am,6.148,3.51,1.96
10/26/2019 10:06:48 am,6.149,3.32,1.93
10/26/2019 10:06:48 am,6.15,3.32,1.39
10/26/2019 10:06:48 am,6.151,2.92,1.96
10/26/2019 10:06:48 am,6.152,3.3,1.96
10/26/2019 10:06:48 am,6.153,3.03,2.34
10/26/2019 10:06:48 am,6.154,3.24,1.85
10/26/2019 10:06:48 am,6.155,2.95,1.45
10/26/2019 10:06:48 am,6.156000000000001,3.24,1.64
10/26/2019 10:06:48 am,6.157,3.16,1.86
10/26/2019 10:06:48 am,6.1579999999999995,3.3,2.04
10/26/2019 10:06:48 am,6.159,2.84,2.08
10/26/2019 10:06:48 am,6.16,3.59,1.82
10/26/2019 10:06:48 am,6.1610000000000005,3.22,1.77
10/26/2019 10:06:48 am,6.162000000000001,3.32,2.21
10/26/2019 10:06:48 am,6.162999999999999,2.65,2.02
10/26/2019 10:06:48 am,6.164,3.11,1.91
10/26/2019 10:06:48 am,6.165,3.24,2.01
10/26/2019 10:06:48 am,6.166,3.3,1.91
10/26/2019 10:06:48 am,6.167000000000001,3.24,1.88
10/26/2019 10:06:48 am,6.167999999999999,3.46,1.74
10/26/2019 10:06:48 am,6.169,3.14,2.13
10/26/2019 10:06:48 am,6.17,3.19,1.96
10/26/2019 10:06:48 am,6.171,3.14,1.74
10/26/2019 10:06:48 am,6.172000000000001,2.89,1.61
10/26/2019 10:06:48 am,6.172999999999999,2.75,1.93
10/26/2019 10:06:48 am,6.1739999999999995,3.51,2.31
10/26/2019 10:06:48 am,6.175,3.3,1.8
10/26/2019 10:06:48 am,6.176,3.51,1.85
10/26/2019 10:06:48 am,6.1770000000000005,3.43,1.77
10/26/2019 10:06:48 am,6.178,3.05,1.83
10/26/2019 10:06:48 am,6.178999999999999,3.05,1.94
10/26/2019 10:06:48 am,6.18,3.41,1.99
10/26/2019 10:06:48 am,6.181,3.19,1.85
10/26/2019 10:06:48 am,6.182,3.22,1.77
10/26/2019 10:06:48 am,6.183,3.62,2.01
10/26/2019 10:06:48 am,6.184,3.78,1.56
10/26/2019 10:06:48 am,6.185,3.86,2.01
10/26/2019 10:06:48 am,6.186,3.24,2.37
10/26/2019 10:06:48 am,6.187,3.67,1.72
10/26/2019 10:06:48 am,6.188,3.57,2.13
10/26/2019 10:06:48 am,6.189,3.0,1.88
10/26/2019 10:06:48 am,6.19,3.24,1.99
10/26/2019 10:06:48 am,6.191,3.14,1.69
10/26/2019 10:06:48 am,6.192,3.38,1.79
10/26/2019 10:06:48 am,6.193,3.48,2.07
10/26/2019 10:06:48 am,6.194,3.89,2.31
10/26/2019 10:06:48 am,6.195,3.19,1.98
10/26/2019 10:06:48 am,6.196000000000001,3.22,1.8
10/26/2019 10:06:48 am,6.197,3.68,2.18
10/26/2019 10:06:48 am,6.1979999999999995,3.57,2.15
10/26/2019 10:06:48 am,6.199,3.76,2.2
10/26/2019 10:06:48 am,6.2,3.0,1.74
10/26/2019 10:06:48 am,6.2010000000000005,3.11,1.98
10/26/2019 10:06:48 am,6.202000000000001,3.57,1.98
10/26/2019 10:06:48 am,6.202999999999999,3.51,1.75
10/26/2019 10:06:48 am,6.204,3.7,1.99
10/26/2019 10:06:48 am,6.205,3.57,2.66
10/26/2019 10:06:48 am,6.206,3.14,2.12
10/26/2019 10:06:48 am,6.207000000000001,3.67,2.2
10/26/2019 10:06:48 am,6.207999999999999,3.13,2.12
10/26/2019 10:06:48 am,6.209,3.43,2.06
10/26/2019 10:06:48 am,6.21,3.59,2.18
10/26/2019 10:06:48 am,6.211,3.11,1.99
10/26/2019 10:06:48 am,6.212000000000001,3.19,2.09
10/26/2019 10:06:48 am,6.212999999999999,3.32,2.44
10/26/2019 10:06:48 am,6.2139999999999995,3.59,2.23
10/26/2019 10:06:48 am,6.215,3.46,2.39
10/26/2019 10:06:48 am,6.216,3.22,2.01
10/26/2019 10:06:48 am,6.2170000000000005,3.59,2.5
10/26/2019 10:06:48 am,6.218,3.19,1.93
10/26/2019 10:06:48 am,6.218999999999999,3.05,2.17
10/26/2019 10:06:48 am,6.22,3.19,2.15
10/26/2019 10:06:48 am,6.221,3.38,2.12
10/26/2019 10:06:48 am,6.222,3.19,2.25
10/26/2019 10:06:48 am,6.223,3.49,2.28
10/26/2019 10:06:48 am,6.224,3.0,2.36
10/26/2019 10:06:48 am,6.225,3.54,1.88
10/26/2019 10:06:48 am,6.226,3.0,2.28
10/26/2019 10:06:48 am,6.227,3.54,2.18
10/26/2019 10:06:48 am,6.228,3.21,2.53
10/26/2019 10:06:48 am,6.229,3.11,2.37
10/26/2019 10:06:48 am,6.23,3.27,1.83
10/26/2019 10:06:48 am,6.231,3.19,2.21
10/26/2019 10:06:48 am,6.232,3.4,2.39
10/26/2019 10:06:48 am,6.233,3.51,2.04
10/26/2019 10:06:48 am,6.234,3.32,1.99
10/26/2019 10:06:48 am,6.235,3.3,2.34
10/26/2019 10:06:48 am,6.236000000000001,3.49,2.32
10/26/2019 10:06:48 am,6.237,2.97,1.83
10/26/2019 10:06:48 am,6.2379999999999995,3.38,1.88
10/26/2019 10:06:48 am,6.239,3.08,2.01
10/26/2019 10:06:48 am,6.24,3.08,1.83
10/26/2019 10:06:48 am,6.2410000000000005,3.11,2.04
10/26/2019 10:06:48 am,6.242000000000001,3.73,1.98
10/26/2019 10:06:48 am,6.242999999999999,3.73,1.88
10/26/2019 10:06:48 am,6.244,3.3,1.88
10/26/2019 10:06:48 am,6.245,3.65,1.98
10/26/2019 10:06:48 am,6.246,3.38,1.61
10/26/2019 10:06:48 am,6.247000000000001,3.54,1.7
10/26/2019 10:06:48 am,6.247999999999999,3.59,1.52
10/26/2019 10:06:48 am,6.249,3.43,2.2
10/26/2019 10:06:48 am,6.25,2.73,1.8
10/26/2019 10:06:48 am,6.251,3.19,1.69
10/26/2019 10:06:48 am,6.252000000000001,3.43,1.61
10/26/2019 10:06:48 am,6.252999999999999,2.89,2.23
10/26/2019 10:06:48 am,6.254,3.03,2.01
10/26/2019 10:06:48 am,6.255,3.0,1.8
10/26/2019 10:06:48 am,6.256,3.49,1.55
10/26/2019 10:06:48 am,6.257000000000001,3.05,2.39
10/26/2019 10:06:48 am,6.257999999999999,3.11,2.09
10/26/2019 10:06:48 am,6.2589999999999995,3.43,1.77
10/26/2019 10:06:48 am,6.26,3.57,2.15
10/26/2019 10:06:48 am,6.261,2.95,1.83
10/26/2019 10:06:48 am,6.2620000000000005,3.51,1.96
10/26/2019 10:06:48 am,6.263,2.97,1.91
10/26/2019 10:06:48 am,6.263999999999999,3.16,2.26
10/26/2019 10:06:48 am,6.265,2.92,2.02
10/26/2019 10:06:48 am,6.266,3.38,2.12
10/26/2019 10:06:48 am,6.267,3.11,1.96
10/26/2019 10:06:48 am,6.268,2.89,2.12
10/26/2019 10:06:48 am,6.269,3.05,1.82
10/26/2019 10:06:48 am,6.27,2.97,2.34
10/26/2019 10:06:48 am,6.271,2.97,2.02
10/26/2019 10:06:48 am,6.272,3.0,2.02
10/26/2019 10:06:48 am,6.273,3.11,1.58
10/26/2019 10:06:48 am,6.274,3.27,1.88
10/26/2019 10:06:48 am,6.275,3.05,1.83
10/26/2019 10:06:48 am,6.276,3.16,1.74
10/26/2019 10:06:48 am,6.277,3.62,1.93
10/26/2019 10:06:48 am,6.278,3.62,2.15
10/26/2019 10:06:48 am,6.279,3.24,2.18
10/26/2019 10:06:48 am,6.28,3.22,1.79
10/26/2019 10:06:48 am,6.281000000000001,3.3,1.83
10/26/2019 10:06:48 am,6.282,2.46,1.85
10/26/2019 10:06:48 am,6.2829999999999995,3.0,1.93
10/26/2019 10:06:48 am,6.284,3.13,2.23
10/26/2019 10:06:48 am,6.285,2.97,2.48
10/26/2019 10:06:48 am,6.2860000000000005,3.0,1.96
10/26/2019 10:06:48 am,6.287000000000001,3.62,1.93
10/26/2019 10:06:48 am,6.287999999999999,3.05,1.91
10/26/2019 10:06:48 am,6.289,2.78,2.5
10/26/2019 10:06:48 am,6.29,2.97,1.85
10/26/2019 10:06:48 am,6.291,3.21,1.61
10/26/2019 10:06:48 am,6.292000000000001,3.13,1.77
10/26/2019 10:06:48 am,6.292999999999999,3.16,2.26
10/26/2019 10:06:48 am,6.294,3.38,2.26
10/26/2019 10:06:48 am,6.295,3.51,1.91
10/26/2019 10:06:48 am,6.296,3.27,2.37
10/26/2019 10:06:48 am,6.297000000000001,3.7,1.91
10/26/2019 10:06:48 am,6.297999999999999,2.76,1.94
10/26/2019 10:06:48 am,6.2989999999999995,2.95,2.45
10/26/2019 10:06:48 am,6.3,3.43,2.09
10/26/2019 10:06:48 am,6.301,3.35,1.96
10/26/2019 10:06:48 am,6.3020000000000005,3.81,2.28
10/26/2019 10:06:48 am,6.303,3.49,2.12
10/26/2019 10:06:48 am,6.303999999999999,3.22,1.96
10/26/2019 10:06:48 am,6.305,3.86,2.18
10/26/2019 10:06:48 am,6.306,3.24,2.07
10/26/2019 10:06:48 am,6.307,3.49,2.34
10/26/2019 10:06:48 am,6.308,3.27,2.12
10/26/2019 10:06:48 am,6.309,3.43,2.42
10/26/2019 10:06:48 am,6.31,3.46,2.36
10/26/2019 10:06:48 am,6.311,3.19,2.34
10/26/2019 10:06:48 am,6.312,3.35,2.26
10/26/2019 10:06:48 am,6.313,3.54,1.96
10/26/2019 10:06:48 am,6.314,3.38,1.82
10/26/2019 10:06:48 am,6.315,3.51,2.28
10/26/2019 10:06:48 am,6.316,3.11,2.04
10/26/2019 10:06:48 am,6.317,3.3,2.15
10/26/2019 10:06:48 am,6.318,3.38,2.31
10/26/2019 10:06:48 am,6.319,3.62,1.37
10/26/2019 10:06:48 am,6.32,3.41,2.26
10/26/2019 10:06:48 am,6.321000000000001,3.27,2.1
10/26/2019 10:06:48 am,6.322,3.54,2.09
10/26/2019 10:06:48 am,6.3229999999999995,3.11,2.02
10/26/2019 10:06:48 am,6.324,4.05,1.88
10/26/2019 10:06:48 am,6.325,3.24,2.12
10/26/2019 10:06:48 am,6.3260000000000005,2.97,2.1
10/26/2019 10:06:48 am,6.327000000000001,3.3,2.18
10/26/2019 10:06:48 am,6.327999999999999,3.78,1.99
10/26/2019 10:06:48 am,6.329,3.59,2.36
10/26/2019 10:06:48 am,6.33,3.27,1.93
10/26/2019 10:06:48 am,6.331,3.19,1.71
10/26/2019 10:06:48 am,6.332000000000001,3.19,1.61
10/26/2019 10:06:48 am,6.332999999999999,2.89,2.37
10/26/2019 10:06:48 am,6.334,3.32,1.6
10/26/2019 10:06:48 am,6.335,3.46,1.74
10/26/2019 10:06:48 am,6.336,3.54,1.96
10/26/2019 10:06:48 am,6.337000000000001,3.24,2.18
10/26/2019 10:06:48 am,6.337999999999999,3.3,1.75
10/26/2019 10:06:48 am,6.3389999999999995,3.19,1.77
10/26/2019 10:06:48 am,6.34,3.49,2.12
10/26/2019 10:06:48 am,6.341,3.57,1.8
10/26/2019 10:06:48 am,6.3420000000000005,2.97,2.04
10/26/2019 10:06:48 am,6.343,3.19,1.34
10/26/2019 10:06:48 am,6.343999999999999,3.24,2.15
10/26/2019 10:06:48 am,6.345,3.11,1.88
10/26/2019 10:06:48 am,6.346,2.94,1.86
10/26/2019 10:06:48 am,6.347,3.35,2.23
10/26/2019 10:06:48 am,6.348,3.3,1.8
10/26/2019 10:06:48 am,6.349,3.03,1.8
10/26/2019 10:06:48 am,6.35,2.97,2.18
10/26/2019 10:06:48 am,6.351,3.05,1.5
10/26/2019 10:06:48 am,6.352,3.38,2.28
10/26/2019 10:06:48 am,6.353,2.7,1.86
10/26/2019 10:06:48 am,6.354,2.84,1.63
10/26/2019 10:06:48 am,6.355,3.16,1.77
10/26/2019 10:06:48 am,6.356,3.54,1.69
10/26/2019 10:06:48 am,6.357,3.43,1.72
10/26/2019 10:06:48 am,6.358,3.24,1.77
10/26/2019 10:06:48 am,6.359,3.21,2.02
10/26/2019 10:06:48 am,6.36,3.3,1.91
10/26/2019 10:06:48 am,6.361000000000001,3.46,2.01
10/26/2019 10:06:48 am,6.362,3.51,1.72
10/26/2019 10:06:48 am,6.3629999999999995,2.81,1.96
10/26/2019 10:06:48 am,6.364,3.59,1.85
10/26/2019 10:06:48 am,6.365,3.24,2.1
10/26/2019 10:06:48 am,6.3660000000000005,3.11,2.36
10/26/2019 10:06:48 am,6.367000000000001,3.35,1.61
10/26/2019 10:06:48 am,6.367999999999999,3.24,1.77
10/26/2019 10:06:48 am,6.369,3.3,1.5
10/26/2019 10:06:48 am,6.37,3.3,2.07
10/26/2019 10:06:48 am,6.371,3.32,1.77
10/26/2019 10:06:48 am,6.372000000000001,3.46,2.23
10/26/2019 10:06:48 am,6.372999999999999,2.92,1.42
10/26/2019 10:06:48 am,6.374,3.46,2.29
10/26/2019 10:06:48 am,6.375,3.49,1.88
10/26/2019 10:06:48 am,6.376,3.13,1.74
10/26/2019 10:06:48 am,6.377000000000001,3.0,1.85
10/26/2019 10:06:48 am,6.377999999999999,3.59,1.93
10/26/2019 10:06:48 am,6.379,3.05,1.96
10/26/2019 10:06:48 am,6.38,2.97,2.2
10/26/2019 10:06:48 am,6.381,3.08,2.39
10/26/2019 10:06:48 am,6.382000000000001,3.22,1.74
10/26/2019 10:06:48 am,6.382999999999999,2.7,1.75
10/26/2019 10:06:48 am,6.3839999999999995,3.03,1.82
10/26/2019 10:06:48 am,6.385,3.08,1.88
10/26/2019 10:06:48 am,6.386,3.08,1.72
10/26/2019 10:06:48 am,6.3870000000000005,3.32,1.8
10/26/2019 10:06:48 am,6.388,3.24,1.85
10/26/2019 10:06:48 am,6.388999999999999,3.46,2.25
10/26/2019 10:06:48 am,6.39,3.19,2.09
10/26/2019 10:06:48 am,6.391,3.3,1.8
10/26/2019 10:06:48 am,6.392,3.57,2.12
10/26/2019 10:06:48 am,6.393,3.49,1.85
10/26/2019 10:06:48 am,6.394,3.35,1.56
10/26/2019 10:06:48 am,6.395,3.33,1.88
10/26/2019 10:06:48 am,6.396,3.0,2.04
10/26/2019 10:06:48 am,6.397,2.95,2.09
10/26/2019 10:06:48 am,6.398,3.43,2.28
10/26/2019 10:06:48 am,6.399,3.19,1.99
10/26/2019 10:06:48 am,6.4,3.22,2.04
10/26/2019 10:06:48 am,6.401,3.3,2.12
10/26/2019 10:06:48 am,6.402,2.73,1.98
10/26/2019 10:06:48 am,6.403,3.7,1.88
10/26/2019 10:06:48 am,6.404,3.65,2.26
10/26/2019 10:06:48 am,6.405,3.32,2.56
10/26/2019 10:06:48 am,6.406000000000001,3.38,1.8
10/26/2019 10:06:48 am,6.407,3.68,1.69
10/26/2019 10:06:48 am,6.4079999999999995,3.59,1.88
10/26/2019 10:06:48 am,6.409,3.05,2.12
10/26/2019 10:06:48 am,6.41,3.13,1.99
10/26/2019 10:06:48 am,6.4110000000000005,3.43,1.8
10/26/2019 10:06:48 am,6.412000000000001,2.95,1.67
10/26/2019 10:06:48 am,6.412999999999999,3.4,2.07
10/26/2019 10:06:48 am,6.414,3.11,2.09
10/26/2019 10:06:48 am,6.415,3.38,1.79
10/26/2019 10:06:48 am,6.416,3.08,1.85
10/26/2019 10:06:48 am,6.417000000000001,3.19,2.37
10/26/2019 10:06:48 am,6.417999999999999,3.35,2.15
10/26/2019 10:06:48 am,6.419,3.24,1.93
10/26/2019 10:06:48 am,6.42,3.43,2.12
10/26/2019 10:06:48 am,6.421,3.65,1.55
10/26/2019 10:06:48 am,6.422000000000001,3.43,1.88
10/26/2019 10:06:48 am,6.422999999999999,3.4,2.2
10/26/2019 10:06:48 am,6.4239999999999995,3.38,1.63
10/26/2019 10:06:48 am,6.425,3.35,1.85
10/26/2019 10:06:48 am,6.426,3.05,2.01
10/26/2019 10:06:48 am,6.4270000000000005,3.6,2.34
10/26/2019 10:06:48 am,6.428,3.62,1.8
10/26/2019 10:06:48 am,6.428999999999999,3.22,1.79
10/26/2019 10:06:48 am,6.43,3.22,1.74
10/26/2019 10:06:48 am,6.431,3.89,2.07
10/26/2019 10:06:48 am,6.432,3.54,1.96
10/26/2019 10:06:48 am,6.433,3.51,1.99
10/26/2019 10:06:48 am,6.434,3.86,1.77
10/26/2019 10:06:48 am,6.435,3.62,2.2
10/26/2019 10:06:48 am,6.436,3.3,1.96
10/26/2019 10:06:48 am,6.437,3.3,1.61
10/26/2019 10:06:48 am,6.438,3.46,2.17
10/26/2019 10:06:48 am,6.439,3.81,2.58
10/26/2019 10:06:48 am,6.44,3.76,1.96
10/26/2019 10:06:48 am,6.441,3.73,2.26
10/26/2019 10:06:48 am,6.442,3.13,1.82
10/26/2019 10:06:48 am,6.443,3.33,2.07
10/26/2019 10:06:48 am,6.444,3.11,1.87
10/26/2019 10:06:48 am,6.445,3.27,2.2
10/26/2019 10:06:48 am,6.446000000000001,3.35,2.02
10/26/2019 10:06:48 am,6.447,3.49,2.02
10/26/2019 10:06:48 am,6.4479999999999995,3.4,2.09
10/26/2019 10:06:48 am,6.449,3.27,1.56
10/26/2019 10:06:48 am,6.45,3.27,2.12
10/26/2019 10:06:48 am,6.4510000000000005,3.49,1.9
10/26/2019 10:06:48 am,6.452000000000001,3.43,2.31
10/26/2019 10:06:48 am,6.452999999999999,3.3,2.26
10/26/2019 10:06:48 am,6.454,3.32,1.9
10/26/2019 10:06:48 am,6.455,3.59,1.74
10/26/2019 10:06:48 am,6.456,3.3,1.8
10/26/2019 10:06:48 am,6.457000000000001,3.22,2.09
10/26/2019 10:06:48 am,6.457999999999999,2.86,1.53
10/26/2019 10:06:48 am,6.459,3.59,2.1
10/26/2019 10:06:48 am,6.46,2.86,2.29
10/26/2019 10:06:48 am,6.461,3.38,2.33
10/26/2019 10:06:48 am,6.462000000000001,3.27,1.64
10/26/2019 10:06:48 am,6.462999999999999,3.38,1.99
10/26/2019 10:06:48 am,6.4639999999999995,2.78,1.66
10/26/2019 10:06:48 am,6.465,3.3,2.07
10/26/2019 10:06:48 am,6.466,3.24,2.31
10/26/2019 10:06:48 am,6.4670000000000005,3.11,1.72
10/26/2019 10:06:48 am,6.468,3.16,1.69
10/26/2019 10:06:48 am,6.468999999999999,3.43,2.36
10/26/2019 10:06:48 am,6.47,3.19,2.58
10/26/2019 10:06:48 am,6.471,3.49,1.71
10/26/2019 10:06:48 am,6.472,3.08,2.02
10/26/2019 10:06:48 am,6.473,3.14,2.14
10/26/2019 10:06:48 am,6.474,3.46,1.91
10/26/2019 10:06:48 am,6.475,3.62,2.12
10/26/2019 10:06:48 am,6.476,3.57,2.04
10/26/2019 10:06:48 am,6.477,3.24,1.91
10/26/2019 10:06:48 am,6.478,3.35,1.88
10/26/2019 10:06:48 am,6.479,3.24,2.12
10/26/2019 10:06:48 am,6.48,3.35,1.74
10/26/2019 10:06:48 am,6.481,2.89,1.55
10/26/2019 10:06:48 am,6.482,3.41,1.72
10/26/2019 10:06:48 am,6.483,3.24,1.66
10/26/2019 10:06:48 am,6.484,3.4,1.99
10/26/2019 10:06:48 am,6.485,3.24,2.04
10/26/2019 10:06:48 am,6.486000000000001,3.3,1.45
10/26/2019 10:06:48 am,6.487,3.65,1.53
10/26/2019 10:06:48 am,6.4879999999999995,3.27,2.12
10/26/2019 10:06:48 am,6.489,3.22,1.74
10/26/2019 10:06:48 am,6.49,3.4,2.01
10/26/2019 10:06:48 am,6.4910000000000005,3.49,1.74
10/26/2019 10:06:48 am,6.492000000000001,3.46,1.96
10/26/2019 10:06:48 am,6.492999999999999,3.08,2.12
10/26/2019 10:06:48 am,6.494,3.49,2.31
10/26/2019 10:06:48 am,6.495,3.19,2.07
10/26/2019 10:06:48 am,6.496,3.7,1.77
10/26/2019 10:06:48 am,6.497000000000001,3.62,2.12
10/26/2019 10:06:48 am,6.497999999999999,3.38,2.01
10/26/2019 10:06:48 am,6.499,3.27,1.72
10/26/2019 10:06:48 am,6.5,3.6,2.04
10/26/2019 10:06:48 am,6.501,3.3,2.2
10/26/2019 10:06:48 am,6.502000000000001,2.81,2.12
10/26/2019 10:06:48 am,6.502999999999999,3.0,2.37
10/26/2019 10:06:48 am,6.504,3.46,2.04
10/26/2019 10:06:48 am,6.505,3.24,1.9
10/26/2019 10:06:48 am,6.506,3.4,1.98
10/26/2019 10:06:48 am,6.507000000000001,3.13,1.82
10/26/2019 10:06:48 am,6.507999999999999,3.24,1.88
10/26/2019 10:06:48 am,6.5089999999999995,3.3,2.12
10/26/2019 10:06:48 am,6.51,3.3,2.26
10/26/2019 10:06:48 am,6.511,3.68,1.85
10/26/2019 10:06:48 am,6.5120000000000005,3.3,1.6
10/26/2019 10:06:48 am,6.513,3.43,1.99
10/26/2019 10:06:48 am,6.513999999999999,3.49,2.34
10/26/2019 10:06:48 am,6.515,3.13,2.21
10/26/2019 10:06:48 am,6.516,3.03,1.74
10/26/2019 10:06:48 am,6.517,3.43,1.77
10/26/2019 10:06:48 am,6.518,3.3,1.8
10/26/2019 10:06:48 am,6.519,3.03,2.47
10/26/2019 10:06:48 am,6.52,3.32,2.15
10/26/2019 10:06:48 am,6.521,3.4,2.53
10/26/2019 10:06:48 am,6.522,3.11,1.55
10/26/2019 10:06:48 am,6.523,3.14,2.29
10/26/2019 10:06:48 am,6.524,3.3,1.93
10/26/2019 10:06:48 am,6.525,3.48,2.12
10/26/2019 10:06:48 am,6.526,3.46,1.94
10/26/2019 10:06:48 am,6.527,3.35,1.63
10/26/2019 10:06:48 am,6.528,3.03,1.88
10/26/2019 10:06:48 am,6.529,3.24,2.1
10/26/2019 10:06:48 am,6.53,2.92,2.26
10/26/2019 10:06:48 am,6.531000000000001,3.38,2.26
10/26/2019 10:06:48 am,6.532,3.22,1.66
10/26/2019 10:06:48 am,6.5329999999999995,3.22,2.21
10/26/2019 10:06:48 am,6.534,3.38,1.88
10/26/2019 10:06:48 am,6.535,3.35,1.58
10/26/2019 10:06:48 am,6.5360000000000005,2.81,1.8
10/26/2019 10:06:48 am,6.537000000000001,3.11,1.5
10/26/2019 10:06:48 am,6.537999999999999,3.32,1.74
10/26/2019 10:06:48 am,6.539,3.19,1.8
10/26/2019 10:06:48 am,6.54,3.4,1.74
10/26/2019 10:06:48 am,6.541,3.11,2.04
10/26/2019 10:06:48 am,6.542000000000001,3.65,1.93
10/26/2019 10:06:48 am,6.542999999999999,3.0,1.82
10/26/2019 10:06:48 am,6.544,3.35,2.07
10/26/2019 10:06:48 am,6.545,3.46,1.8
10/26/2019 10:06:48 am,6.546,3.13,1.91
10/26/2019 10:06:48 am,6.547000000000001,3.33,1.61
10/26/2019 10:06:48 am,6.547999999999999,2.89,2.34
10/26/2019 10:06:48 am,6.5489999999999995,3.4,2.12
10/26/2019 10:06:48 am,6.55,3.33,1.77
10/26/2019 10:06:48 am,6.551,3.3,2.15
10/26/2019 10:06:48 am,6.5520000000000005,3.43,2.04
10/26/2019 10:06:48 am,6.553,3.24,1.8
10/26/2019 10:06:48 am,6.553999999999999,3.6,2.12
10/26/2019 10:06:48 am,6.555,3.08,2.01
10/26/2019 10:06:48 am,6.556,3.27,1.78
10/26/2019 10:06:48 am,6.557,3.27,1.88
10/26/2019 10:06:48 am,6.558,3.08,1.88
10/26/2019 10:06:48 am,6.559,3.16,1.88
10/26/2019 10:06:48 am,6.56,2.76,1.66
10/26/2019 10:06:48 am,6.561,3.13,1.61
10/26/2019 10:06:48 am,6.562,3.16,1.99
10/26/2019 10:06:48 am,6.563,3.21,1.77
10/26/2019 10:06:48 am,6.564,3.35,2.1
10/26/2019 10:06:48 am,6.565,3.27,1.82
10/26/2019 10:06:48 am,6.566,3.3,1.67
10/26/2019 10:06:48 am,6.567,3.54,1.96
10/26/2019 10:06:48 am,6.568,3.57,2.15
10/26/2019 10:06:48 am,6.569,3.51,2.52
10/26/2019 10:06:48 am,6.57,3.3,2.12
10/26/2019 10:06:48 am,6.571000000000001,3.32,1.6
10/26/2019 10:06:48 am,6.572,3.21,1.28
10/26/2019 10:06:48 am,6.5729999999999995,3.0,1.88
10/26/2019 10:06:48 am,6.574,3.08,1.93
10/26/2019 10:06:48 am,6.575,3.3,2.26
10/26/2019 10:06:48 am,6.5760000000000005,3.7,1.8
10/26/2019 10:06:48 am,6.577000000000001,3.16,2.26
10/26/2019 10:06:48 am,6.577999999999999,3.51,1.85
10/26/2019 10:06:48 am,6.579,3.32,1.93
10/26/2019 10:06:48 am,6.58,3.27,2.2
10/26/2019 10:06:48 am,6.581,3.3,1.47
10/26/2019 10:06:48 am,6.582000000000001,3.59,2.12
10/26/2019 10:06:48 am,6.582999999999999,3.4,2.21
10/26/2019 10:06:48 am,6.584,3.49,1.8
10/26/2019 10:06:48 am,6.585,3.27,1.69
10/26/2019 10:06:48 am,6.586,3.16,1.63
10/26/2019 10:06:48 am,6.587000000000001,3.3,1.85
10/26/2019 10:06:48 am,6.587999999999999,3.03,1.85
10/26/2019 10:06:48 am,6.5889999999999995,3.13,2.25
10/26/2019 10:06:48 am,6.59,3.13,1.96
10/26/2019 10:06:48 am,6.591,3.38,1.5
10/26/2019 10:06:48 am,6.5920000000000005,2.92,2.58
10/26/2019 10:06:48 am,6.593,3.54,1.96
10/26/2019 10:06:48 am,6.593999999999999,3.27,1.77
10/26/2019 10:06:48 am,6.595,3.4,2.07
10/26/2019 10:06:48 am,6.596,3.73,2.2
10/26/2019 10:06:48 am,6.597,3.05,2.07
10/26/2019 10:06:48 am,6.598,3.19,1.93
10/26/2019 10:06:48 am,6.599,3.27,2.37
10/26/2019 10:06:48 am,6.6,3.27,2.07
10/26/2019 10:06:48 am,6.601,3.68,2.72
10/26/2019 10:06:48 am,6.602,3.35,1.79
10/26/2019 10:06:48 am,6.603,3.24,2.12
10/26/2019 10:06:48 am,6.604,3.27,2.04
10/26/2019 10:06:48 am,6.605,2.92,1.98
10/26/2019 10:06:48 am,6.606,3.27,2.04
10/26/2019 10:06:48 am,6.607,3.48,1.93
10/26/2019 10:06:48 am,6.608,3.41,2.09
10/26/2019 10:06:48 am,6.609,3.57,2.07
10/26/2019 10:06:48 am,6.61,3.68,1.96
10/26/2019 10:06:48 am,6.611000000000001,3.51,1.88
10/26/2019 10:06:48 am,6.612,3.59,1.96
10/26/2019 10:06:48 am,6.6129999999999995,3.41,2.28
10/26/2019 10:06:48 am,6.614,2.95,2.1
10/26/2019 10:06:48 am,6.615,3.81,2.45
10/26/2019 10:06:48 am,6.6160000000000005,3.38,2.1
10/26/2019 10:06:48 am,6.617000000000001,3.27,1.85
10/26/2019 10:06:48 am,6.617999999999999,3.51,2.21
10/26/2019 10:06:48 am,6.619,3.76,2.28
10/26/2019 10:06:48 am,6.62,3.13,1.77
10/26/2019 10:06:48 am,6.621,3.13,2.12
10/26/2019 10:06:48 am,6.622000000000001,3.46,1.83
10/26/2019 10:06:48 am,6.622999999999999,3.43,1.88
10/26/2019 10:06:48 am,6.624,3.49,1.95
10/26/2019 10:06:48 am,6.625,3.03,2.13
10/26/2019 10:06:48 am,6.626,3.3,2.1
10/26/2019 10:06:48 am,6.627000000000001,3.51,2.09
10/26/2019 10:06:48 am,6.627999999999999,3.49,1.75
10/26/2019 10:06:48 am,6.629,3.43,2.09
10/26/2019 10:06:48 am,6.63,3.32,2.15
10/26/2019 10:06:48 am,6.631,3.57,2.07
10/26/2019 10:06:48 am,6.632000000000001,3.38,1.77
10/26/2019 10:06:48 am,6.632999999999999,3.41,1.8
10/26/2019 10:06:48 am,6.6339999999999995,3.46,1.84
10/26/2019 10:06:48 am,6.635,3.49,1.83
10/26/2019 10:06:48 am,6.636,3.14,1.95
10/26/2019 10:06:48 am,6.6370000000000005,3.16,2.1
10/26/2019 10:06:48 am,6.638,3.43,1.93
10/26/2019 10:06:48 am,6.638999999999999,3.24,2.07
10/26/2019 10:06:48 am,6.64,3.24,2.04
10/26/2019 10:06:48 am,6.641,3.43,2.01
10/26/2019 10:06:48 am,6.642,3.7,2.05
10/26/2019 10:06:48 am,6.643,3.49,2.07
10/26/2019 10:06:48 am,6.644,3.84,1.91
10/26/2019 10:06:48 am,6.645,2.89,2.18
10/26/2019 10:06:48 am,6.646,3.27,2.15
10/26/2019 10:06:48 am,6.647,3.46,2.05
10/26/2019 10:06:48 am,6.648,3.27,1.87
10/26/2019 10:06:48 am,6.649,3.05,1.67
10/26/2019 10:06:48 am,6.65,3.11,1.75
10/26/2019 10:06:48 am,6.651,3.43,1.72
10/26/2019 10:06:48 am,6.652,3.38,2.34
10/26/2019 10:06:48 am,6.653,3.27,2.2
10/26/2019 10:06:48 am,6.654,3.13,2.09
10/26/2019 10:06:48 am,6.655,3.11,1.85
10/26/2019 10:06:48 am,6.656000000000001,3.43,2.23
10/26/2019 10:06:48 am,6.657,3.05,1.64
10/26/2019 10:06:48 am,6.6579999999999995,3.38,1.93
10/26/2019 10:06:48 am,6.659,3.27,1.96
10/26/2019 10:06:48 am,6.66,3.16,1.96
10/26/2019 10:06:48 am,6.6610000000000005,2.92,2.18
10/26/2019 10:06:48 am,6.662000000000001,3.43,2.23
10/26/2019 10:06:48 am,6.662999999999999,3.14,2.13
10/26/2019 10:06:48 am,6.664,3.59,1.83
10/26/2019 10:06:48 am,6.665,3.57,2.04
10/26/2019 10:06:48 am,6.666,3.27,1.69
10/26/2019 10:06:48 am,6.667000000000001,3.35,1.91
10/26/2019 10:06:48 am,6.667999999999999,3.43,2.41
10/26/2019 10:06:48 am,6.669,3.27,2.09
10/26/2019 10:06:48 am,6.67,3.35,2.15
10/26/2019 10:06:48 am,6.671,3.38,2.15
10/26/2019 10:06:48 am,6.672000000000001,3.24,1.74
10/26/2019 10:06:48 am,6.672999999999999,3.24,1.8
10/26/2019 10:06:48 am,6.6739999999999995,3.16,1.91
10/26/2019 10:06:48 am,6.675,3.46,1.72
10/26/2019 10:06:48 am,6.676,3.62,2.07
10/26/2019 10:06:48 am,6.6770000000000005,3.08,2.18
10/26/2019 10:06:48 am,6.678,3.51,2.15
10/26/2019 10:06:48 am,6.678999999999999,3.41,2.01
10/26/2019 10:06:48 am,6.68,3.32,1.83
10/26/2019 10:06:48 am,6.681,3.38,1.67
10/26/2019 10:06:48 am,6.682,3.27,2.12
10/26/2019 10:06:48 am,6.683,3.38,1.79
10/26/2019 10:06:48 am,6.684,3.46,2.01
10/26/2019 10:06:48 am,6.685,3.35,1.96
10/26/2019 10:06:48 am,6.686,3.46,2.23
10/26/2019 10:06:48 am,6.687,3.57,2.12
10/26/2019 10:06:48 am,6.688,3.54,1.98
10/26/2019 10:06:48 am,6.689,2.76,1.9
10/26/2019 10:06:48 am,6.69,3.38,2.59
10/26/2019 10:06:48 am,6.691,3.29,2.01
10/26/2019 10:06:48 am,6.692,3.35,2.23
10/26/2019 10:06:48 am,6.693,3.03,1.93
10/26/2019 10:06:48 am,6.694,3.46,2.23
10/26/2019 10:06:48 am,6.695,3.22,1.93
10/26/2019 10:06:48 am,6.696000000000001,3.43,1.5
10/26/2019 10:06:48 am,6.697,3.51,1.66
10/26/2019 10:06:48 am,6.6979999999999995,3.38,1.77
10/26/2019 10:06:48 am,6.699,3.35,1.93
10/26/2019 10:06:48 am,6.7,3.51,1.96
10/26/2019 10:06:48 am,6.7010000000000005,3.11,2.15
10/26/2019 10:06:48 am,6.702000000000001,3.51,2.34
10/26/2019 10:06:48 am,6.702999999999999,3.24,2.39
10/26/2019 10:06:48 am,6.704,3.19,1.88
10/26/2019 10:06:48 am,6.705,3.13,2.28
10/26/2019 10:06:48 am,6.706,3.05,2.36
10/26/2019 10:06:48 am,6.707000000000001,3.19,2.04
10/26/2019 10:06:48 am,6.707999999999999,3.4,2.1
10/26/2019 10:06:48 am,6.709,3.84,1.69
10/26/2019 10:06:48 am,6.71,3.03,1.83
10/26/2019 10:06:48 am,6.711,3.41,1.93
10/26/2019 10:06:48 am,6.712000000000001,2.76,2.05
10/26/2019 10:06:48 am,6.712999999999999,3.32,2.61
10/26/2019 10:06:48 am,6.7139999999999995,3.94,2.21
10/26/2019 10:06:48 am,6.715,3.68,2.07
10/26/2019 10:06:48 am,6.716,3.22,2.4
10/26/2019 10:06:48 am,6.7170000000000005,3.46,1.99
10/26/2019 10:06:48 am,6.718,3.6,1.99
10/26/2019 10:06:48 am,6.718999999999999,3.27,2.18
10/26/2019 10:06:48 am,6.72,2.73,2.04
10/26/2019 10:06:48 am,6.721,3.05,2.12
10/26/2019 10:06:48 am,6.722,3.38,1.52
10/26/2019 10:06:48 am,6.723,3.19,1.83
10/26/2019 10:06:48 am,6.724,3.35,1.61
10/26/2019 10:06:48 am,6.725,3.24,2.15
10/26/2019 10:06:48 am,6.726,3.19,2.1
10/26/2019 10:06:48 am,6.727,3.22,2.15
10/26/2019 10:06:48 am,6.728,3.13,2.04
10/26/2019 10:06:48 am,6.729,3.27,1.96
10/26/2019 10:06:48 am,6.73,3.27,2.18
10/26/2019 10:06:48 am,6.731,2.97,2.01
10/26/2019 10:06:48 am,6.732,3.38,2.23
10/26/2019 10:06:48 am,6.733,3.33,2.07
10/26/2019 10:06:48 am,6.734,3.27,1.96
10/26/2019 10:06:48 am,6.735,3.92,2.04
10/26/2019 10:06:48 am,6.736000000000001,3.49,2.39
10/26/2019 10:06:48 am,6.737,3.51,2.34
10/26/2019 10:06:48 am,6.7379999999999995,3.27,2.28
10/26/2019 10:06:48 am,6.739,3.27,1.96
10/26/2019 10:06:48 am,6.74,3.57,1.66
10/26/2019 10:06:48 am,6.7410000000000005,3.24,1.99
10/26/2019 10:06:48 am,6.742000000000001,3.19,1.69
10/26/2019 10:06:48 am,6.742999999999999,3.84,2.02
10/26/2019 10:06:48 am,6.744,3.0,1.77
10/26/2019 10:06:48 am,6.745,3.11,2.15
10/26/2019 10:06:48 am,6.746,3.57,1.94
10/26/2019 10:06:48 am,6.747000000000001,3.43,1.71
10/26/2019 10:06:48 am,6.747999999999999,3.6,1.64
10/26/2019 10:06:48 am,6.749,3.68,1.99
10/26/2019 10:06:48 am,6.75,2.89,2.12
10/26/2019 10:06:48 am,6.751,2.84,2.36
10/26/2019 10:06:48 am,6.752000000000001,3.95,1.8
10/26/2019 10:06:48 am,6.752999999999999,2.95,2.12
10/26/2019 10:06:48 am,6.754,3.11,1.96
10/26/2019 10:06:48 am,6.755,3.06,2.15
10/26/2019 10:06:48 am,6.756,3.19,1.96
10/26/2019 10:06:48 am,6.757000000000001,2.86,2.04
10/26/2019 10:06:48 am,6.757999999999999,3.51,2.01
10/26/2019 10:06:48 am,6.7589999999999995,3.19,1.83
10/26/2019 10:06:48 am,6.76,3.46,1.96
10/26/2019 10:06:48 am,6.761,3.11,2.47
10/26/2019 10:06:48 am,6.7620000000000005,3.35,1.93
10/26/2019 10:06:48 am,6.763,3.43,1.98
10/26/2019 10:06:48 am,6.763999999999999,2.94,2.52
10/26/2019 10:06:48 am,6.765,3.35,1.96
10/26/2019 10:06:48 am,6.766,3.62,2.17
10/26/2019 10:06:48 am,6.767,3.32,2.18
10/26/2019 10:06:48 am,6.768,3.02,2.28
10/26/2019 10:06:48 am,6.769,3.43,1.79
10/26/2019 10:06:48 am,6.77,3.46,1.74
10/26/2019 10:06:48 am,6.771,3.3,2.04
10/26/2019 10:06:48 am,6.772,3.76,2.07
10/26/2019 10:06:48 am,6.773,3.38,1.99
10/26/2019 10:06:48 am,6.774,2.84,1.93
10/26/2019 10:06:48 am,6.775,3.27,2.1
10/26/2019 10:06:48 am,6.776,3.81,1.69
10/26/2019 10:06:48 am,6.777,3.54,1.91
10/26/2019 10:06:48 am,6.778,3.4,2.07
10/26/2019 10:06:48 am,6.779,3.16,1.74
10/26/2019 10:06:48 am,6.78,3.27,1.94
10/26/2019 10:06:48 am,6.781000000000001,3.16,2.12
10/26/2019 10:06:48 am,6.782,3.27,2.34
10/26/2019 10:06:48 am,6.7829999999999995,3.3,2.01
10/26/2019 10:06:48 am,6.784,2.97,1.85
10/26/2019 10:06:48 am,6.785,3.51,2.18
10/26/2019 10:06:48 am,6.7860000000000005,3.7,1.75
10/26/2019 10:06:48 am,6.787000000000001,3.3,2.52
10/26/2019 10:06:48 am,6.787999999999999,2.95,1.9
10/26/2019 10:06:48 am,6.789,3.67,1.53
10/26/2019 10:06:48 am,6.79,3.43,2.09
10/26/2019 10:06:48 am,6.791,3.62,1.93
10/26/2019 10:06:48 am,6.792000000000001,3.51,1.91
10/26/2019 10:06:48 am,6.792999999999999,3.19,1.66
10/26/2019 10:06:48 am,6.794,3.27,2.2
10/26/2019 10:06:48 am,6.795,3.3,1.93
10/26/2019 10:06:48 am,6.796,3.03,1.93
10/26/2019 10:06:48 am,6.797000000000001,3.08,1.96
10/26/2019 10:06:48 am,6.797999999999999,3.19,1.94
10/26/2019 10:06:48 am,6.7989999999999995,3.51,2.36
10/26/2019 10:06:48 am,6.8,3.54,2.01
10/26/2019 10:06:48 am,6.801,3.76,1.91
10/26/2019 10:06:48 am,6.8020000000000005,3.19,1.93
10/26/2019 10:06:48 am,6.803,3.13,1.85
10/26/2019 10:06:48 am,6.803999999999999,3.08,1.77
10/26/2019 10:06:48 am,6.805,3.78,1.98
10/26/2019 10:06:48 am,6.806,3.41,2.1
10/26/2019 10:06:48 am,6.807,2.92,2.34
10/26/2019 10:06:48 am,6.808,3.32,2.05
10/26/2019 10:06:48 am,6.809,3.35,1.99
10/26/2019 10:06:48 am,6.81,3.32,2.15
10/26/2019 10:06:48 am,6.811,3.16,1.77
10/26/2019 10:06:48 am,6.812,3.13,1.76
10/26/2019 10:06:48 am,6.813,3.32,1.99
10/26/2019 10:06:48 am,6.814,3.65,2.07
10/26/2019 10:06:48 am,6.815,3.43,2.2
10/26/2019 10:06:48 am,6.816,2.92,2.01
10/26/2019 10:06:48 am,6.817,3.03,2.31
10/26/2019 10:06:48 am,6.818,3.05,1.85
10/26/2019 10:06:48 am,6.819,3.32,2.1
10/26/2019 10:06:48 am,6.82,3.02,1.75
10/26/2019 10:06:48 am,6.821000000000001,3.22,2.34
10/26/2019 10:06:48 am,6.822,3.46,1.99
10/26/2019 10:06:48 am,6.8229999999999995,3.57,1.69
10/26/2019 10:06:48 am,6.824,3.59,2.04
10/26/2019 10:06:48 am,6.825,2.81,2.2
10/26/2019 10:06:48 am,6.8260000000000005,3.08,2.2
10/26/2019 10:06:48 am,6.827000000000001,3.21,2.26
10/26/2019 10:06:48 am,6.827999999999999,2.89,1.72
10/26/2019 10:06:48 am,6.829,3.22,1.69
10/26/2019 10:06:48 am,6.83,3.4,2.02
10/26/2019 10:06:48 am,6.831,3.16,2.01
10/26/2019 10:06:48 am,6.832000000000001,3.19,2.05
10/26/2019 10:06:48 am,6.832999999999999,3.24,2.15
10/26/2019 10:06:48 am,6.834,3.41,1.88
10/26/2019 10:06:48 am,6.835,3.38,2.23
10/26/2019 10:06:48 am,6.836,3.35,1.86
10/26/2019 10:06:48 am,6.837000000000001,3.57,2.01
10/26/2019 10:06:48 am,6.837999999999999,3.22,1.94
10/26/2019 10:06:48 am,6.8389999999999995,3.16,1.91
10/26/2019 10:06:48 am,6.84,3.3,1.82
10/26/2019 10:06:48 am,6.841,3.59,2.5
10/26/2019 10:06:48 am,6.8420000000000005,3.32,1.79
10/26/2019 10:06:48 am,6.843,3.22,2.15
10/26/2019 10:06:48 am,6.843999999999999,2.84,1.61
10/26/2019 10:06:48 am,6.845,3.03,1.55
10/26/2019 10:06:48 am,6.846,3.35,1.99
10/26/2019 10:06:48 am,6.847,3.16,1.96
10/26/2019 10:06:48 am,6.848,3.32,1.9
10/26/2019 10:06:48 am,6.849,3.03,1.91
10/26/2019 10:06:48 am,6.85,3.54,1.96
10/26/2019 10:06:48 am,6.851,3.24,1.85
10/26/2019 10:06:48 am,6.852,3.3,1.85
10/26/2019 10:06:48 am,6.853,3.32,1.99
10/26/2019 10:06:48 am,6.854,3.35,1.66
10/26/2019 10:06:48 am,6.855,2.89,1.91
10/26/2019 10:06:48 am,6.856,3.14,2.01
10/26/2019 10:06:48 am,6.857,2.95,1.82
10/26/2019 10:06:48 am,6.858,3.24,2.02
10/26/2019 10:06:48 am,6.859,3.03,1.87
10/26/2019 10:06:48 am,6.86,2.76,2.04
10/26/2019 10:06:48 am,6.861000000000001,3.03,2.26
10/26/2019 10:06:48 am,6.862,3.35,1.8
10/26/2019 10:06:48 am,6.8629999999999995,3.08,2.1
10/26/2019 10:06:48 am,6.864,2.89,1.8
10/26/2019 10:06:48 am,6.865,3.49,2.2
10/26/2019 10:06:48 am,6.8660000000000005,2.89,1.77
10/26/2019 10:06:48 am,6.867000000000001,3.16,1.72
10/26/2019 10:06:48 am,6.867999999999999,3.38,2.01
10/26/2019 10:06:48 am,6.869,3.27,1.99
10/26/2019 10:06:48 am,6.87,3.49,2.15
10/26/2019 10:06:48 am,6.871,3.51,2.29
10/26/2019 10:06:48 am,6.872000000000001,3.3,1.93
10/26/2019 10:06:48 am,6.872999999999999,3.59,1.91
10/26/2019 10:06:48 am,6.874,3.38,1.96
10/26/2019 10:06:48 am,6.875,3.49,1.93
10/26/2019 10:06:48 am,6.876,2.84,2.09
10/26/2019 10:06:48 am,6.877000000000001,3.27,1.82
10/26/2019 10:06:48 am,6.877999999999999,3.4,2.26
10/26/2019 10:06:48 am,6.879,3.43,2.07
10/26/2019 10:06:48 am,6.88,3.22,2.42
10/26/2019 10:06:48 am,6.881,3.19,2.29
10/26/2019 10:06:48 am,6.882000000000001,3.57,1.83
10/26/2019 10:06:48 am,6.882999999999999,3.41,1.85
10/26/2019 10:06:48 am,6.8839999999999995,3.41,1.55
10/26/2019 10:06:48 am,6.885,3.0,2.47
10/26/2019 10:06:48 am,6.886,3.57,1.88
10/26/2019 10:06:48 am,6.8870000000000005,3.57,2.04
10/26/2019 10:06:48 am,6.888,3.22,2.39
10/26/2019 10:06:48 am,6.888999999999999,2.97,1.5
10/26/2019 10:06:48 am,6.89,3.03,1.69
10/26/2019 10:06:48 am,6.891,2.92,1.88
10/26/2019 10:06:48 am,6.892,3.38,2.26
10/26/2019 10:06:48 am,6.893,3.4,1.94
10/26/2019 10:06:48 am,6.894,3.24,2.23
10/26/2019 10:06:48 am,6.895,3.35,2.04
10/26/2019 10:06:48 am,6.896,3.13,2.02
10/26/2019 10:06:48 am,6.897,2.86,2.12
10/26/2019 10:06:48 am,6.898,3.41,1.99
10/26/2019 10:06:48 am,6.899,3.59,1.69
10/26/2019 10:06:48 am,6.9,3.43,1.85
10/26/2019 10:06:48 am,6.901,2.97,1.96
10/26/2019 10:06:48 am,6.902,3.19,1.88
10/26/2019 10:06:48 am,6.903,3.27,2.04
10/26/2019 10:06:48 am,6.904,3.59,2.07
10/26/2019 10:06:48 am,6.905,3.51,1.85
10/26/2019 10:06:48 am,6.906000000000001,2.97,1.8
10/26/2019 10:06:48 am,6.907,3.3,2.33
10/26/2019 10:06:48 am,6.9079999999999995,3.46,1.96
10/26/2019 10:06:48 am,6.909,3.38,1.99
10/26/2019 10:06:48 am,6.91,3.57,2.07
10/26/2019 10:06:48 am,6.9110000000000005,3.13,1.91
10/26/2019 10:06:48 am,6.912000000000001,3.57,2.12
10/26/2019 10:06:48 am,6.912999999999999,3.11,1.85
10/26/2019 10:06:48 am,6.914,2.67,1.98
10/26/2019 10:06:48 am,6.915,3.35,2.23
10/26/2019 10:06:48 am,6.916,3.19,2.15
10/26/2019 10:06:48 am,6.917000000000001,3.35,1.93
10/26/2019 10:06:48 am,6.917999999999999,3.51,1.82
10/26/2019 10:06:48 am,6.919,3.16,2.23
10/26/2019 10:06:48 am,6.92,2.95,1.85
10/26/2019 10:06:48 am,6.921,2.73,2.17
10/26/2019 10:06:48 am,6.922000000000001,2.76,1.58
10/26/2019 10:06:48 am,6.922999999999999,2.92,1.99
10/26/2019 10:06:48 am,6.9239999999999995,3.57,1.88
10/26/2019 10:06:48 am,6.925,3.38,1.88
10/26/2019 10:06:48 am,6.926,3.32,2.09
10/26/2019 10:06:48 am,6.9270000000000005,3.65,1.58
10/26/2019 10:06:48 am,6.928,2.92,1.85
10/26/2019 10:06:48 am,6.928999999999999,3.49,1.96
10/26/2019 10:06:48 am,6.93,3.3,1.85
10/26/2019 10:06:48 am,6.931,2.92,2.23
10/26/2019 10:06:48 am,6.932,3.59,2.1
10/26/2019 10:06:48 am,6.933,3.16,1.72
10/26/2019 10:06:48 am,6.934,3.48,1.98
10/26/2019 10:06:48 am,6.935,3.43,1.99
10/26/2019 10:06:48 am,6.936,3.05,2.04
10/26/2019 10:06:48 am,6.937,3.0,2.12
10/26/2019 10:06:48 am,6.938,3.13,2.12
10/26/2019 10:06:48 am,6.939,3.54,2.01
10/26/2019 10:06:48 am,6.94,2.95,2.02
10/26/2019 10:06:48 am,6.941,3.22,1.94
10/26/2019 10:06:48 am,6.942,3.38,2.18
10/26/2019 10:06:48 am,6.943,2.92,1.98
10/26/2019 10:06:48 am,6.944,2.95,1.96
10/26/2019 10:06:48 am,6.945,3.76,2.32
10/26/2019 10:06:48 am,6.946000000000001,3.43,1.85
10/26/2019 10:06:48 am,6.947,3.3,2.07
10/26/2019 10:06:48 am,6.9479999999999995,3.49,2.1
10/26/2019 10:06:48 am,6.949,3.51,1.94
10/26/2019 10:06:48 am,6.95,3.51,1.85
10/26/2019 10:06:48 am,6.9510000000000005,3.43,2.01
10/26/2019 10:06:48 am,6.952000000000001,2.95,1.91
10/26/2019 10:06:48 am,6.952999999999999,3.62,2.02
10/26/2019 10:06:48 am,6.954,3.32,1.8
10/26/2019 10:06:48 am,6.955,3.32,2.01
10/26/2019 10:06:48 am,6.956,3.51,2.12
10/26/2019 10:06:48 am,6.957000000000001,3.24,2.29
10/26/2019 10:06:48 am,6.957999999999999,3.38,2.07
10/26/2019 10:06:48 am,6.959,3.49,1.69
10/26/2019 10:06:48 am,6.96,3.46,1.58
10/26/2019 10:06:48 am,6.961,3.27,2.1
10/26/2019 10:06:48 am,6.962000000000001,3.62,1.74
10/26/2019 10:06:48 am,6.962999999999999,3.08,1.96
10/26/2019 10:06:48 am,6.9639999999999995,3.4,2.09
10/26/2019 10:06:48 am,6.965,3.11,1.74
10/26/2019 10:06:48 am,6.966,3.24,1.88
10/26/2019 10:06:48 am,6.9670000000000005,3.38,2.2
10/26/2019 10:06:48 am,6.968,3.22,1.69
10/26/2019 10:06:48 am,6.968999999999999,3.27,1.8
10/26/2019 10:06:48 am,6.97,3.24,2.23
10/26/2019 10:06:48 am,6.971,2.78,2.09
10/26/2019 10:06:48 am,6.972,3.4,2.02
10/26/2019 10:06:48 am,6.973,3.22,1.69
10/26/2019 10:06:48 am,6.974,2.97,1.67
10/26/2019 10:06:48 am,6.975,3.05,1.8
10/26/2019 10:06:48 am,6.976,3.24,1.63
10/26/2019 10:06:48 am,6.977,2.7,1.72
10/26/2019 10:06:48 am,6.978,3.03,2.01
10/26/2019 10:06:48 am,6.979,3.3,2.1
10/26/2019 10:06:48 am,6.98,3.41,1.77
10/26/2019 10:06:48 am,6.981,3.35,2.15
10/26/2019 10:06:48 am,6.982,3.22,2.15
10/26/2019 10:06:48 am,6.983,3.24,1.89
10/26/2019 10:06:48 am,6.984,3.38,1.88
10/26/2019 10:06:48 am,6.985,3.3,1.88
10/26/2019 10:06:48 am,6.986000000000001,2.97,1.8
10/26/2019 10:06:48 am,6.987,3.08,2.04
10/26/2019 10:06:48 am,6.9879999999999995,3.43,2.02
10/26/2019 10:06:48 am,6.989,3.46,1.69
10/26/2019 10:06:48 am,6.99,3.24,1.82
10/26/2019 10:06:48 am,6.9910000000000005,3.65,1.96
10/26/2019 10:06:48 am,6.992000000000001,3.81,2.15
10/26/2019 10:06:48 am,6.992999999999999,3.21,1.88
10/26/2019 10:06:48 am,6.994,3.27,1.8
10/26/2019 10:06:48 am,6.995,3.38,1.77
10/26/2019 10:06:48 am,6.996,3.46,2.2
10/26/2019 10:06:48 am,6.997000000000001,3.19,1.45
10/26/2019 10:06:48 am,6.997999999999999,3.19,1.99
10/26/2019 10:06:48 am,6.999,2.84,1.64
10/26/2019 10:06:49 am,7.0,3.27,1.61
10/26/2019 10:06:49 am,7.001,3.43,1.58
10/26/2019 10:06:49 am,7.002000000000001,3.22,2.28
10/26/2019 10:06:49 am,7.002999999999999,3.35,2.07
10/26/2019 10:06:49 am,7.004,3.65,2.01
10/26/2019 10:06:49 am,7.005,3.08,1.86
10/26/2019 10:06:49 am,7.006,3.05,2.02
10/26/2019 10:06:49 am,7.007000000000001,3.57,2.5
10/26/2019 10:06:49 am,7.007999999999999,3.24,1.47
10/26/2019 10:06:49 am,7.0089999999999995,3.22,2.04
10/26/2019 10:06:49 am,7.01,3.3,2.01
10/26/2019 10:06:49 am,7.011,3.14,1.91
10/26/2019 10:06:49 am,7.0120000000000005,3.49,1.71
10/26/2019 10:06:49 am,7.013,3.11,1.91
10/26/2019 10:06:49 am,7.013999999999999,3.54,2.15
10/26/2019 10:06:49 am,7.015,3.59,1.69
10/26/2019 10:06:49 am,7.016,3.11,2.15
10/26/2019 10:06:49 am,7.017,3.49,1.77
10/26/2019 10:06:49 am,7.018,2.84,2.14
10/26/2019 10:06:49 am,7.019,3.49,1.8
10/26/2019 10:06:49 am,7.02,3.59,1.96
10/26/2019 10:06:49 am,7.021,3.59,1.69
10/26/2019 10:06:49 am,7.022,3.16,2.18
10/26/2019 10:06:49 am,7.023,3.0,1.69
10/26/2019 10:06:49 am,7.024,2.97,1.91
10/26/2019 10:06:49 am,7.025,3.41,1.69
10/26/2019 10:06:49 am,7.026,3.51,2.09
10/26/2019 10:06:49 am,7.027,3.32,1.99
10/26/2019 10:06:49 am,7.028,3.08,2.07
10/26/2019 10:06:49 am,7.029,3.57,1.74
10/26/2019 10:06:49 am,7.03,3.54,1.8
10/26/2019 10:06:49 am,7.031000000000001,3.41,2.12
10/26/2019 10:06:49 am,7.032,2.87,1.75
10/26/2019 10:06:49 am,7.0329999999999995,3.38,1.88
10/26/2019 10:06:49 am,7.034,3.7,2.23
10/26/2019 10:06:49 am,7.035,2.81,1.88
10/26/2019 10:06:49 am,7.0360000000000005,3.4,1.88
10/26/2019 10:06:49 am,7.037000000000001,3.38,2.07
10/26/2019 10:06:49 am,7.037999999999999,3.65,2.04
10/26/2019 10:06:49 am,7.039,3.78,1.96
10/26/2019 10:06:49 am,7.04,2.73,1.88
10/26/2019 10:06:49 am,7.041,3.22,1.93
10/26/2019 10:06:49 am,7.042000000000001,3.4,2.04
10/26/2019 10:06:49 am,7.042999999999999,3.46,1.96
10/26/2019 10:06:49 am,7.044,3.46,1.26
10/26/2019 10:06:49 am,7.045,3.68,2.1
10/26/2019 10:06:49 am,7.046,3.54,1.86
10/26/2019 10:06:49 am,7.047000000000001,3.38,1.8
10/26/2019 10:06:49 am,7.047999999999999,3.57,2.02
10/26/2019 10:06:49 am,7.0489999999999995,3.46,1.85
10/26/2019 10:06:49 am,7.05,3.41,2.12
10/26/2019 10:06:49 am,7.051,2.78,2.26
10/26/2019 10:06:49 am,7.0520000000000005,3.32,1.8
10/26/2019 10:06:49 am,7.053,3.41,1.99
10/26/2019 10:06:49 am,7.053999999999999,3.92,2.39
10/26/2019 10:06:49 am,7.055,3.76,1.82
10/26/2019 10:06:49 am,7.056,3.27,2.37
10/26/2019 10:06:49 am,7.057,3.3,2.18
10/26/2019 10:06:49 am,7.058,3.51,1.93
10/26/2019 10:06:49 am,7.059,3.24,1.96
10/26/2019 10:06:49 am,7.06,2.92,2.15
10/26/2019 10:06:49 am,7.061,3.11,1.96
10/26/2019 10:06:49 am,7.062,3.11,1.72
10/26/2019 10:06:49 am,7.063,2.95,1.77
10/26/2019 10:06:49 am,7.064,3.13,1.99
10/26/2019 10:06:49 am,7.065,3.38,2.31
10/26/2019 10:06:49 am,7.066,3.38,2.04
10/26/2019 10:06:49 am,7.067,3.16,1.77
10/26/2019 10:06:49 am,7.068,2.97,2.01
10/26/2019 10:06:49 am,7.069,3.24,2.42
10/26/2019 10:06:49 am,7.07,2.97,1.48
10/26/2019 10:06:49 am,7.071000000000001,2.92,1.8
10/26/2019 10:06:49 am,7.072,3.08,1.53
10/26/2019 10:06:49 am,7.0729999999999995,3.24,1.91
10/26/2019 10:06:49 am,7.074,3.4,1.61
10/26/2019 10:06:49 am,7.075,3.16,1.99
10/26/2019 10:06:49 am,7.0760000000000005,3.46,1.77
10/26/2019 10:06:49 am,7.077000000000001,3.22,1.71
10/26/2019 10:06:49 am,7.077999999999999,3.06,1.58
10/26/2019 10:06:49 am,7.079,3.05,1.85
10/26/2019 10:06:49 am,7.08,3.24,1.75
10/26/2019 10:06:49 am,7.081,3.19,1.88
10/26/2019 10:06:49 am,7.082000000000001,3.78,1.77
10/26/2019 10:06:49 am,7.082999999999999,2.89,2.23
10/26/2019 10:06:49 am,7.084,3.13,1.93
10/26/2019 10:06:49 am,7.085,2.62,1.88
10/26/2019 10:06:49 am,7.086,3.7,1.88
10/26/2019 10:06:49 am,7.087000000000001,3.11,2.72
10/26/2019 10:06:49 am,7.087999999999999,3.19,2.18
10/26/2019 10:06:49 am,7.0889999999999995,3.03,2.23
10/26/2019 10:06:49 am,7.09,2.95,2.1
10/26/2019 10:06:49 am,7.091,3.08,1.37
10/26/2019 10:06:49 am,7.0920000000000005,3.03,1.8
10/26/2019 10:06:49 am,7.093,3.05,1.15
10/26/2019 10:06:49 am,7.093999999999999,3.03,2.15
10/26/2019 10:06:49 am,7.095,3.16,2.18
10/26/2019 10:06:49 am,7.096,3.0,2.01
10/26/2019 10:06:49 am,7.097,3.35,1.99
10/26/2019 10:06:49 am,7.098,3.27,1.94
10/26/2019 10:06:49 am,7.099,3.43,2.04
10/26/2019 10:06:49 am,7.1,3.22,2.07
10/26/2019 10:06:49 am,7.101,2.92,1.96
10/26/2019 10:06:49 am,7.102,3.11,1.82
10/26/2019 10:06:49 am,7.103,2.92,2.12
10/26/2019 10:06:49 am,7.104,3.05,2.01
10/26/2019 10:06:49 am,7.105,3.27,1.85
10/26/2019 10:06:49 am,7.106,3.0,1.37
10/26/2019 10:06:49 am,7.107,3.0,1.47
10/26/2019 10:06:49 am,7.108,3.7,1.98
10/26/2019 10:06:49 am,7.109,3.3,1.96
10/26/2019 10:06:49 am,7.11,3.76,2.31
10/26/2019 10:06:49 am,7.111000000000001,3.49,1.85
10/26/2019 10:06:49 am,7.112,3.57,1.88
10/26/2019 10:06:49 am,7.1129999999999995,3.3,1.83
10/26/2019 10:06:49 am,7.114,3.27,1.58
10/26/2019 10:06:49 am,7.115,3.05,2.12
10/26/2019 10:06:49 am,7.1160000000000005,3.16,2.07
10/26/2019 10:06:49 am,7.117000000000001,3.51,1.77
10/26/2019 10:06:49 am,7.117999999999999,3.05,1.72
10/26/2019 10:06:49 am,7.119,3.0,1.8
10/26/2019 10:06:49 am,7.12,3.35,2.17
10/26/2019 10:06:49 am,7.121,3.11,1.93
10/26/2019 10:06:49 am,7.122000000000001,3.08,1.99
10/26/2019 10:06:49 am,7.122999999999999,3.13,1.5
10/26/2019 10:06:49 am,7.124,3.41,1.69
10/26/2019 10:06:49 am,7.125,3.68,2.07
10/26/2019 10:06:49 am,7.126,3.08,1.99
10/26/2019 10:06:49 am,7.127000000000001,3.38,1.83
10/26/2019 10:06:49 am,7.127999999999999,3.35,2.18
10/26/2019 10:06:49 am,7.129,3.27,2.1
10/26/2019 10:06:49 am,7.13,3.41,1.82
10/26/2019 10:06:49 am,7.131,3.57,1.63
10/26/2019 10:06:49 am,7.132000000000001,3.27,2.58
10/26/2019 10:06:49 am,7.132999999999999,3.19,1.96
10/26/2019 10:06:49 am,7.1339999999999995,3.62,2.17
10/26/2019 10:06:49 am,7.135,2.97,2.33
10/26/2019 10:06:49 am,7.136,3.35,2.12
10/26/2019 10:06:49 am,7.1370000000000005,3.65,2.12
10/26/2019 10:06:49 am,7.138,3.84,2.37
10/26/2019 10:06:49 am,7.138999999999999,3.24,1.93
10/26/2019 10:06:49 am,7.14,3.38,1.61
10/26/2019 10:06:49 am,7.141,3.57,2.04
10/26/2019 10:06:49 am,7.142,3.57,2.18
10/26/2019 10:06:49 am,7.143,3.08,2.31
10/26/2019 10:06:49 am,7.144,3.41,1.71
10/26/2019 10:06:49 am,7.145,3.24,2.52
10/26/2019 10:06:49 am,7.146,3.4,1.96
10/26/2019 10:06:49 am,7.147,3.38,2.12
10/26/2019 10:06:49 am,7.148,3.54,1.61
10/26/2019 10:06:49 am,7.149,3.7,2.09
10/26/2019 10:06:49 am,7.15,3.35,2.31
10/26/2019 10:06:49 am,7.151,3.38,2.31
10/26/2019 10:06:49 am,7.152,3.32,2.15
10/26/2019 10:06:49 am,7.153,3.43,2.01
10/26/2019 10:06:49 am,7.154,3.43,2.15
10/26/2019 10:06:49 am,7.155,3.22,1.83
10/26/2019 10:06:49 am,7.156000000000001,3.11,1.99
10/26/2019 10:06:49 am,7.157,3.43,2.42
10/26/2019 10:06:49 am,7.1579999999999995,2.73,2.15
10/26/2019 10:06:49 am,7.159,3.49,2.15
10/26/2019 10:06:49 am,7.16,3.35,1.94
10/26/2019 10:06:49 am,7.1610000000000005,3.24,1.83
10/26/2019 10:06:49 am,7.162000000000001,3.57,2.26
10/26/2019 10:06:49 am,7.162999999999999,3.35,2.36
10/26/2019 10:06:49 am,7.164,3.24,1.9
10/26/2019 10:06:49 am,7.165,3.19,1.66
10/26/2019 10:06:49 am,7.166,3.62,2.18
10/26/2019 10:06:49 am,7.167000000000001,2.97,1.91
10/26/2019 10:06:49 am,7.167999999999999,3.11,2.04
10/26/2019 10:06:49 am,7.169,3.38,1.96
10/26/2019 10:06:49 am,7.17,3.19,2.15
10/26/2019 10:06:49 am,7.171,3.46,1.77
10/26/2019 10:06:49 am,7.172000000000001,3.27,2.07
10/26/2019 10:06:49 am,7.172999999999999,3.3,1.8
10/26/2019 10:06:49 am,7.1739999999999995,3.21,1.71
10/26/2019 10:06:49 am,7.175,3.03,1.96
10/26/2019 10:06:49 am,7.176,3.32,1.96
10/26/2019 10:06:49 am,7.1770000000000005,3.19,1.9
10/26/2019 10:06:49 am,7.178,3.32,2.21
10/26/2019 10:06:49 am,7.178999999999999,3.4,2.2
10/26/2019 10:06:49 am,7.18,3.43,1.8
10/26/2019 10:06:49 am,7.181,3.27,2.02
10/26/2019 10:06:49 am,7.182,3.22,2.04
10/26/2019 10:06:49 am,7.183,3.32,2.12
10/26/2019 10:06:49 am,7.184,2.78,1.82
10/26/2019 10:06:49 am,7.185,3.6,1.75
10/26/2019 10:06:49 am,7.186,3.35,1.45
10/26/2019 10:06:49 am,7.187,3.46,2.47
10/26/2019 10:06:49 am,7.188,3.51,2.04
10/26/2019 10:06:49 am,7.189,3.67,2.2
10/26/2019 10:06:49 am,7.19,3.24,1.93
10/26/2019 10:06:49 am,7.191,3.32,1.66
10/26/2019 10:06:49 am,7.192,3.3,1.8
10/26/2019 10:06:49 am,7.193,3.46,1.6
10/26/2019 10:06:49 am,7.194,3.13,2.39
10/26/2019 10:06:49 am,7.195,3.3,2.07
10/26/2019 10:06:49 am,7.196000000000001,2.84,2.18
10/26/2019 10:06:49 am,7.197,3.32,1.91
10/26/2019 10:06:49 am,7.1979999999999995,3.25,2.02
10/26/2019 10:06:49 am,7.199,3.35,1.75
10/26/2019 10:06:49 am,7.2,3.14,1.72
10/26/2019 10:06:49 am,7.2010000000000005,3.27,1.86
10/26/2019 10:06:49 am,7.202000000000001,3.38,1.52
10/26/2019 10:06:49 am,7.202999999999999,3.11,1.77
10/26/2019 10:06:49 am,7.204,3.0,2.22
10/26/2019 10:06:49 am,7.205,3.62,1.93
10/26/2019 10:06:49 am,7.206,3.57,2.04
10/26/2019 10:06:49 am,7.207000000000001,3.4,2.07
10/26/2019 10:06:49 am,7.207999999999999,3.65,1.85
10/26/2019 10:06:49 am,7.209,3.49,1.86
10/26/2019 10:06:49 am,7.21,3.03,1.8
10/26/2019 10:06:49 am,7.211,3.7,1.88
10/26/2019 10:06:49 am,7.212000000000001,3.49,1.61
10/26/2019 10:06:49 am,7.212999999999999,3.22,1.69
10/26/2019 10:06:49 am,7.2139999999999995,3.3,2.15
10/26/2019 10:06:49 am,7.215,3.33,1.91
10/26/2019 10:06:49 am,7.216,3.35,2.1
10/26/2019 10:06:49 am,7.2170000000000005,3.49,2.18
10/26/2019 10:06:49 am,7.218,3.16,1.72
10/26/2019 10:06:49 am,7.218999999999999,3.05,1.42
10/26/2019 10:06:49 am,7.22,3.03,1.78
10/26/2019 10:06:49 am,7.221,3.06,1.96
10/26/2019 10:06:49 am,7.222,3.0,1.63
10/26/2019 10:06:49 am,7.223,3.22,1.8
10/26/2019 10:06:49 am,7.224,3.51,1.77
10/26/2019 10:06:49 am,7.225,2.89,1.91
10/26/2019 10:06:49 am,7.226,3.68,2.1
10/26/2019 10:06:49 am,7.227,3.3,2.12
10/26/2019 10:06:49 am,7.228,3.19,1.8
10/26/2019 10:06:49 am,7.229,3.11,1.77
10/26/2019 10:06:49 am,7.23,3.46,1.83
10/26/2019 10:06:49 am,7.231,3.35,2.34
10/26/2019 10:06:49 am,7.232,2.81,2.34
10/26/2019 10:06:49 am,7.233,3.3,2.06
10/26/2019 10:06:49 am,7.234,3.27,1.96
10/26/2019 10:06:49 am,7.235,3.32,2.15
10/26/2019 10:06:49 am,7.236000000000001,3.84,2.15
10/26/2019 10:06:49 am,7.237,3.08,2.09
10/26/2019 10:06:49 am,7.2379999999999995,3.51,1.96
10/26/2019 10:06:49 am,7.239,3.24,1.99
10/26/2019 10:06:49 am,7.24,3.3,1.85
10/26/2019 10:06:49 am,7.2410000000000005,3.4,2.04
10/26/2019 10:06:49 am,7.242000000000001,3.19,1.85
10/26/2019 10:06:49 am,7.242999999999999,2.81,2.39
10/26/2019 10:06:49 am,7.244,3.27,1.91
10/26/2019 10:06:49 am,7.245,3.49,2.01
10/26/2019 10:06:49 am,7.246,3.22,1.93
10/26/2019 10:06:49 am,7.247000000000001,3.24,1.96
10/26/2019 10:06:49 am,7.247999999999999,2.97,2.23
10/26/2019 10:06:49 am,7.249,3.49,2.04
10/26/2019 10:06:49 am,7.25,3.08,1.63
10/26/2019 10:06:49 am,7.251,3.24,2.04
10/26/2019 10:06:49 am,7.252000000000001,3.7,1.89
10/26/2019 10:06:49 am,7.252999999999999,3.14,2.15
10/26/2019 10:06:49 am,7.254,3.19,1.55
10/26/2019 10:06:49 am,7.255,3.16,2.7
10/26/2019 10:06:49 am,7.256,3.08,2.09
10/26/2019 10:06:49 am,7.257000000000001,3.38,1.64
10/26/2019 10:06:49 am,7.257999999999999,3.7,1.88
10/26/2019 10:06:49 am,7.2589999999999995,3.4,1.99
10/26/2019 10:06:49 am,7.26,3.24,1.66
10/26/2019 10:06:49 am,7.261,3.24,2.09
10/26/2019 10:06:49 am,7.2620000000000005,2.7,2.74
10/26/2019 10:06:49 am,7.263,3.51,1.88
10/26/2019 10:06:49 am,7.263999999999999,3.27,1.8
10/26/2019 10:06:49 am,7.265,3.08,1.93
10/26/2019 10:06:49 am,7.266,3.19,2.42
10/26/2019 10:06:49 am,7.267,3.7,2.15
10/26/2019 10:06:49 am,7.268,3.54,2.39
10/26/2019 10:06:49 am,7.269,3.92,1.99
10/26/2019 10:06:49 am,7.27,3.57,2.17
10/26/2019 10:06:49 am,7.271,3.38,2.28
10/26/2019 10:06:49 am,7.272,3.14,1.64
10/26/2019 10:06:49 am,7.273,3.08,1.93
10/26/2019 10:06:49 am,7.274,2.97,2.22
10/26/2019 10:06:49 am,7.275,3.38,1.78
10/26/2019 10:06:49 am,7.276,3.32,2.07
10/26/2019 10:06:49 am,7.277,3.35,2.34
10/26/2019 10:06:49 am,7.278,3.0,1.82
10/26/2019 10:06:49 am,7.279,3.24,1.96
10/26/2019 10:06:49 am,7.28,3.54,2.2
10/26/2019 10:06:49 am,7.281000000000001,3.38,2.09
10/26/2019 10:06:49 am,7.282,3.08,1.91
10/26/2019 10:06:49 am,7.2829999999999995,3.27,1.71
10/26/2019 10:06:49 am,7.284,3.27,1.71
10/26/2019 10:06:49 am,7.285,3.11,1.99
10/26/2019 10:06:49 am,7.2860000000000005,3.32,2.28
10/26/2019 10:06:49 am,7.287000000000001,3.27,1.91
10/26/2019 10:06:49 am,7.287999999999999,3.35,2.33
10/26/2019 10:06:49 am,7.289,3.57,1.88
10/26/2019 10:06:49 am,7.29,3.49,1.66
10/26/2019 10:06:49 am,7.291,3.62,1.96
10/26/2019 10:06:49 am,7.292000000000001,3.33,1.85
10/26/2019 10:06:49 am,7.292999999999999,3.62,1.69
10/26/2019 10:06:49 am,7.294,3.62,2.47
10/26/2019 10:06:49 am,7.295,3.27,1.93
10/26/2019 10:06:49 am,7.296,3.46,1.99
10/26/2019 10:06:49 am,7.297000000000001,3.41,2.36
10/26/2019 10:06:49 am,7.297999999999999,3.22,2.17
10/26/2019 10:06:49 am,7.2989999999999995,3.24,2.17
10/26/2019 10:06:49 am,7.3,3.16,1.74
10/26/2019 10:06:49 am,7.301,3.11,2.05
10/26/2019 10:06:49 am,7.3020000000000005,3.43,2.28
10/26/2019 10:06:49 am,7.303,3.38,2.09
10/26/2019 10:06:49 am,7.303999999999999,2.84,1.69
10/26/2019 10:06:49 am,7.305,3.51,2.2
10/26/2019 10:06:49 am,7.306,3.73,2.07
10/26/2019 10:06:49 am,7.307,3.48,2.09
10/26/2019 10:06:49 am,7.308,3.76,2.28
10/26/2019 10:06:49 am,7.309,3.7,2.02
10/26/2019 10:06:49 am,7.31,3.27,1.9
10/26/2019 10:06:49 am,7.311,3.54,2.04
10/26/2019 10:06:49 am,7.312,3.43,1.93
10/26/2019 10:06:49 am,7.313,2.87,1.72
10/26/2019 10:06:49 am,7.314,3.84,1.88
10/26/2019 10:06:49 am,7.315,3.49,2.09
10/26/2019 10:06:49 am,7.316,3.76,2.77
10/26/2019 10:06:49 am,7.317,3.51,2.2
10/26/2019 10:06:49 am,7.318,4.0,1.99
10/26/2019 10:06:49 am,7.319,3.94,2.34
10/26/2019 10:06:49 am,7.32,4.11,2.01
10/26/2019 10:06:49 am,7.321000000000001,3.65,2.8
10/26/2019 10:06:49 am,7.322,4.03,2.3
10/26/2019 10:06:49 am,7.3229999999999995,3.84,5.64
10/26/2019 10:06:49 am,7.324,4.16,75.7
10/26/2019 10:06:49 am,7.325,3.76,97.3
10/26/2019 10:06:49 am,7.3260000000000005,14.18,61.61
10/26/2019 10:06:49 am,7.327000000000001,63.49,85.56
10/26/2019 10:06:49 am,7.327999999999999,143.12,210.25
10/26/2019 10:06:49 am,7.329,197.12,345.58
10/26/2019 10:06:49 am,7.33,257.73,512.88
10/26/2019 10:06:49 am,7.331,267.81,885.12
10/26/2019 10:06:49 am,7.332000000000001,328.54,1408.0
10/26/2019 10:06:49 am,7.332999999999999,588.05,1618.43
10/26/2019 10:06:49 am,7.334,1028.32,1218.62
10/26/2019 10:06:49 am,7.335,1195.8,709.2
10/26/2019 10:06:49 am,7.336,800.31,468.19
10/26/2019 10:06:49 am,7.337000000000001,376.06,457.27
10/26/2019 10:06:49 am,7.337999999999999,252.25,485.94
10/26/2019 10:06:49 am,7.3389999999999995,225.0,488.57
10/26/2019 10:06:49 am,7.34,194.97,459.76
10/26/2019 10:06:49 am,7.341,196.24,428.37
10/26/2019 10:06:49 am,7.3420000000000005,213.78,384.23
10/26/2019 10:06:49 am,7.343,255.68,352.22
10/26/2019 10:06:49 am,7.343999999999999,333.06,374.32
10/26/2019 10:06:49 am,7.345,423.44,500.85
10/26/2019 10:06:49 am,7.346,549.92,634.35
10/26/2019 10:06:49 am,7.347,568.98,686.5
10/26/2019 10:06:49 am,7.348,526.29,652.83
10/26/2019 10:06:49 am,7.349,537.42,607.02
10/26/2019 10:06:49 am,7.35,627.38,652.65
10/26/2019 10:06:49 am,7.351,780.65,767.77
10/26/2019 10:06:49 am,7.352,828.4,869.25
10/26/2019 10:06:49 am,7.353,745.73,896.64
10/26/2019 10:06:49 am,7.354,667.45,891.13
10/26/2019 10:06:49 am,7.355,724.12,866.28
10/26/2019 10:06:49 am,7.356,854.02,856.87
10/26/2019 10:06:49 am,7.357,1000.95,895.78
10/26/2019 10:06:49 am,7.358,1141.49,996.24
10/26/2019 10:06:49 am,7.359,1335.18,1114.64
10/26/2019 10:06:49 am,7.36,1554.16,1242.79
10/26/2019 10:06:49 am,7.361000000000001,1757.67,1393.16
10/26/2019 10:06:49 am,7.362,1903.82,1559.25
10/26/2019 10:06:49 am,7.3629999999999995,1974.1,1697.36
10/26/2019 10:06:49 am,7.364,1985.83,1803.71
10/26/2019 10:06:49 am,7.365,1971.39,1865.26
10/26/2019 10:06:49 am,7.3660000000000005,1956.54,1893.9
10/26/2019 10:06:49 am,7.367000000000001,1930.58,1888.21
10/26/2019 10:06:49 am,7.367999999999999,1860.55,1867.33
10/26/2019 10:06:49 am,7.369,1763.41,1858.25
10/26/2019 10:06:49 am,7.37,1673.34,1846.04
10/26/2019 10:06:49 am,7.371,1586.2,1823.36
10/26/2019 10:06:49 am,7.372000000000001,1512.39,1796.88
10/26/2019 10:06:49 am,7.372999999999999,1436.72,1754.6
10/26/2019 10:06:49 am,7.374,1371.85,1700.74
10/26/2019 10:06:49 am,7.375,1311.04,1658.21
10/26/2019 10:06:49 am,7.376,1254.86,1609.91
10/26/2019 10:06:49 am,7.377000000000001,1201.02,1559.81
10/26/2019 10:06:49 am,7.377999999999999,1139.07,1491.82
10/26/2019 10:06:49 am,7.379,1089.95,1422.66
10/26/2019 10:06:49 am,7.38,1039.17,1361.29
10/26/2019 10:06:49 am,7.381,996.88,1298.96
10/26/2019 10:06:49 am,7.382000000000001,956.5,1245.02
10/26/2019 10:06:49 am,7.382999999999999,925.14,1200.84
10/26/2019 10:06:49 am,7.3839999999999995,904.4,1157.01
10/26/2019 10:06:49 am,7.385,887.62,1120.27
10/26/2019 10:06:49 am,7.386,875.12,1091.77
10/26/2019 10:06:49 am,7.3870000000000005,865.55,1064.03
10/26/2019 10:06:49 am,7.388,855.31,1037.52
10/26/2019 10:06:49 am,7.388999999999999,846.66,1019.82
10/26/2019 10:06:49 am,7.39,840.97,1007.94
10/26/2019 10:06:49 am,7.391,836.25,998.77
10/26/2019 10:06:49 am,7.392,834.07,993.43
10/26/2019 10:06:49 am,7.393,834.54,988.22
10/26/2019 10:06:49 am,7.394,838.53,986.66
10/26/2019 10:06:49 am,7.395,845.79,986.79
10/26/2019 10:06:49 am,7.396,854.3,989.62
10/26/2019 10:06:49 am,7.397,865.27,994.48
10/26/2019 10:06:49 am,7.398,878.84,1001.16
10/26/2019 10:06:49 am,7.399,895.87,1009.11
10/26/2019 10:06:49 am,7.4,914.8,1019.18
10/26/2019 10:06:49 am,7.401,936.07,1029.33
10/26/2019 10:06:49 am,7.402,960.67,1043.24
10/26/2019 10:06:49 am,7.403,986.9,1057.58
10/26/2019 10:06:49 am,7.404,1015.86,1073.34
10/26/2019 10:06:49 am,7.405,1045.63,1095.2
10/26/2019 10:06:49 am,7.406000000000001,1078.01,1118.21
10/26/2019 10:06:49 am,7.407,1107.92,1142.09
10/26/2019 10:06:49 am,7.4079999999999995,1138.76,1168.84
10/26/2019 10:06:49 am,7.409,1167.82,1198.06
10/26/2019 10:06:49 am,7.41,1195.94,1227.59
10/26/2019 10:06:49 am,7.4110000000000005,1223.35,1261.21
10/26/2019 10:06:49 am,7.412000000000001,1254.44,1297.32
10/26/2019 10:06:49 am,7.412999999999999,1285.97,1330.24
10/26/2019 10:06:49 am,7.414,1312.49,1363.1
10/26/2019 10:06:49 am,7.415,1338.09,1392.87
10/26/2019 10:06:49 am,7.416,1364.18,1418.48
10/26/2019 10:06:49 am,7.417000000000001,1389.78,1441.18
10/26/2019 10:06:49 am,7.417999999999999,1415.25,1462.36
10/26/2019 10:06:49 am,7.419,1441.23,1482.17
10/26/2019 10:06:49 am,7.42,1463.36,1501.6
10/26/2019 10:06:49 am,7.421,1484.5,1515.58
10/26/2019 10:06:49 am,7.422000000000001,1501.09,1526.22
10/26/2019 10:06:49 am,7.422999999999999,1515.05,1534.92
10/26/2019 10:06:49 am,7.4239999999999995,1527.2,1539.68
10/26/2019 10:06:49 am,7.425,1537.93,1543.17
10/26/2019 10:06:49 am,7.426,1545.91,1544.71
10/26/2019 10:06:49 am,7.4270000000000005,1551.49,1543.79
10/26/2019 10:06:49 am,7.428,1554.49,1538.61
10/26/2019 10:06:49 am,7.428999999999999,1554.19,1533.31
10/26/2019 10:06:49 am,7.43,1551.42,1526.91
10/26/2019 10:06:49 am,7.431,1546.25,1519.78
10/26/2019 10:06:49 am,7.432,1539.05,1512.7
10/26/2019 10:06:49 am,7.433,1531.14,1505.18
10/26/2019 10:06:49 am,7.434,1521.64,1496.12
10/26/2019 10:06:49 am,7.435,1510.4,1485.67
10/26/2019 10:06:49 am,7.436,1501.22,1477.14
10/26/2019 10:06:49 am,7.437,1491.68,1468.73
10/26/2019 10:06:49 am,7.438,1483.69,1460.43
10/26/2019 10:06:49 am,7.439,1475.8,1452.4
10/26/2019 10:06:49 am,7.44,1469.89,1445.29
10/26/2019 10:06:49 am,7.441,1462.84,1439.88
10/26/2019 10:06:49 am,7.442,1458.53,1435.08
10/26/2019 10:06:49 am,7.443,1454.44,1431.36
10/26/2019 10:06:49 am,7.444,1451.07,1427.94
10/26/2019 10:06:49 am,7.445,1447.41,1424.33
10/26/2019 10:06:49 am,7.446000000000001,1443.92,1420.94
10/26/2019 10:06:49 am,7.447,1439.85,1418.32
10/26/2019 10:06:49 am,7.4479999999999995,1436.44,1415.76
10/26/2019 10:06:49 am,7.449,1433.02,1413.57
10/26/2019 10:06:49 am,7.45,1429.66,1411.11
10/26/2019 10:06:49 am,7.4510000000000005,1425.76,1408.68
10/26/2019 10:06:49 am,7.452000000000001,1421.7,1406.39
10/26/2019 10:06:49 am,7.452999999999999,1417.18,1403.94
10/26/2019 10:06:49 am,7.454,1413.85,1401.7
10/26/2019 10:06:49 am,7.455,1409.14,1398.98
10/26/2019 10:06:49 am,7.456,1406.1,1396.42
10/26/2019 10:06:49 am,7.457000000000001,1402.53,1393.24
10/26/2019 10:06:49 am,7.457999999999999,1398.84,1390.6
10/26/2019 10:06:49 am,7.459,1394.92,1387.41
10/26/2019 10:06:49 am,7.46,1391.5,1382.96
10/26/2019 10:06:49 am,7.461,1386.82,1378.62
10/26/2019 10:06:49 am,7.462000000000001,1382.95,1374.33
10/26/2019 10:06:49 am,7.462999999999999,1378.05,1369.77
10/26/2019 10:06:49 am,7.4639999999999995,1373.59,1365.02
10/26/2019 10:06:49 am,7.465,1368.45,1360.14
10/26/2019 10:06:49 am,7.466,1363.63,1354.88
10/26/2019 10:06:49 am,7.4670000000000005,1358.57,1349.39
10/26/2019 10:06:49 am,7.468,1353.62,1343.62
10/26/2019 10:06:49 am,7.468999999999999,1349.13,1339.28
10/26/2019 10:06:49 am,7.47,1344.31,1335.4
10/26/2019 10:06:49 am,7.471,1340.09,1332.03
10/26/2019 10:06:49 am,7.472,1335.95,1328.96
10/26/2019 10:06:49 am,7.473,1333.32,1324.62
10/26/2019 10:06:49 am,7.474,1329.94,1320.57
10/26/2019 10:06:49 am,7.475,1326.98,1317.04
10/26/2019 10:06:49 am,7.476,1323.85,1312.76
10/26/2019 10:06:49 am,7.477,1321.57,1309.52
10/26/2019 10:06:49 am,7.478,1319.43,1306.29
10/26/2019 10:06:49 am,7.479,1318.57,1302.71
10/26/2019 10:06:49 am,7.48,1316.92,1299.77
10/26/2019 10:06:49 am,7.481,1316.05,1296.27
10/26/2019 10:06:49 am,7.482,1315.07,1292.63
10/26/2019 10:06:49 am,7.483,1315.23,1289.4
10/26/2019 10:06:49 am,7.484,1313.69,1284.92
10/26/2019 10:06:49 am,7.485,1313.26,1282.41
10/26/2019 10:06:49 am,7.486000000000001,1312.8,1278.02
10/26/2019 10:06:49 am,7.487,1311.07,1274.7
10/26/2019 10:06:49 am,7.4879999999999995,1310.28,1270.82
10/26/2019 10:06:49 am,7.489,1309.22,1267.89
10/26/2019 10:06:49 am,7.49,1307.36,1264.13
10/26/2019 10:06:49 am,7.4910000000000005,1305.9,1261.25
10/26/2019 10:06:49 am,7.492000000000001,1304.19,1257.47
10/26/2019 10:06:49 am,7.492999999999999,1300.97,1254.27
10/26/2019 10:06:49 am,7.494,1299.24,1250.79
10/26/2019 10:06:49 am,7.495,1296.92,1247.5
10/26/2019 10:06:49 am,7.496,1294.05,1244.4
10/26/2019 10:06:49 am,7.497000000000001,1291.29,1240.92
10/26/2019 10:06:49 am,7.497999999999999,1288.53,1237.34
10/26/2019 10:06:49 am,7.499,1284.48,1234.18
10/26/2019 10:06:49 am,7.5,1281.53,1230.95
10/26/2019 10:06:49 am,7.501,1278.9,1227.6
10/26/2019 10:06:49 am,7.502000000000001,1274.58,1223.07
10/26/2019 10:06:49 am,7.502999999999999,1271.65,1218.93
10/26/2019 10:06:49 am,7.504,1269.03,1215.39
10/26/2019 10:06:49 am,7.505,1264.54,1211.07
10/26/2019 10:06:49 am,7.506,1260.29,1206.7
10/26/2019 10:06:49 am,7.507000000000001,1255.96,1201.35
10/26/2019 10:06:49 am,7.507999999999999,1251.9,1196.69
10/26/2019 10:06:49 am,7.5089999999999995,1248.38,1191.68
10/26/2019 10:06:49 am,7.51,1243.68,1187.52
10/26/2019 10:06:49 am,7.511,1239.48,1182.77
10/26/2019 10:06:49 am,7.5120000000000005,1234.69,1177.68
10/26/2019 10:06:49 am,7.513,1230.71,1172.61
10/26/2019 10:06:49 am,7.513999999999999,1224.95,1167.78
10/26/2019 10:06:49 am,7.515,1219.58,1162.71
10/26/2019 10:06:49 am,7.516,1214.55,1156.17
10/26/2019 10:06:49 am,7.517,1209.0,1150.25
10/26/2019 10:06:49 am,7.518,1204.32,1144.79
10/26/2019 10:06:49 am,7.519,1199.12,1139.4
10/26/2019 10:06:49 am,7.52,1193.71,1133.89
10/26/2019 10:06:49 am,7.521,1186.97,1128.57
10/26/2019 10:06:49 am,7.522,1181.37,1123.12
10/26/2019 10:06:49 am,7.523,1175.11,1116.29
10/26/2019 10:06:49 am,7.524,1168.68,1111.1
10/26/2019 10:06:49 am,7.525,1162.99,1105.23
10/26/2019 10:06:49 am,7.526,1156.66,1100.18
10/26/2019 10:06:49 am,7.527,1150.17,1095.12
10/26/2019 10:06:49 am,7.528,1144.21,1089.83
10/26/2019 10:06:49 am,7.529,1137.99,1084.49
10/26/2019 10:06:49 am,7.53,1130.93,1079.19
10/26/2019 10:06:49 am,7.531000000000001,1124.44,1074.18
10/26/2019 10:06:49 am,7.532,1117.79,1068.5
10/26/2019 10:06:49 am,7.5329999999999995,1111.62,1063.01
10/26/2019 10:06:49 am,7.534,1105.13,1057.23
10/26/2019 10:06:49 am,7.535,1098.15,1052.24
10/26/2019 10:06:49 am,7.5360000000000005,1091.64,1047.14
10/26/2019 10:06:49 am,7.537000000000001,1084.03,1041.87
10/26/2019 10:06:49 am,7.537999999999999,1077.0,1036.01
10/26/2019 10:06:49 am,7.539,1070.22,1030.19
10/26/2019 10:06:49 am,7.54,1063.73,1023.7
10/26/2019 10:06:49 am,7.541,1056.81,1017.94
10/26/2019 10:06:49 am,7.542000000000001,1049.83,1011.18
10/26/2019 10:06:49 am,7.542999999999999,1043.45,1004.75
10/26/2019 10:06:49 am,7.544,1035.45,998.14
10/26/2019 10:06:49 am,7.545,1028.91,991.82
10/26/2019 10:06:49 am,7.546,1022.23,985.0
10/26/2019 10:06:49 am,7.547000000000001,1014.31,978.84
10/26/2019 10:06:49 am,7.547999999999999,1005.9,971.03
10/26/2019 10:06:49 am,7.5489999999999995,997.01,964.6
10/26/2019 10:06:49 am,7.55,987.95,955.81
10/26/2019 10:06:49 am,7.551,978.68,948.04
10/26/2019 10:06:49 am,7.5520000000000005,970.54,940.37
10/26/2019 10:06:49 am,7.553,965.16,932.15
10/26/2019 10:06:49 am,7.553999999999999,958.27,925.61
10/26/2019 10:06:49 am,7.555,949.02,917.74
10/26/2019 10:06:49 am,7.556,939.81,909.46
10/26/2019 10:06:49 am,7.557,930.68,901.08
10/26/2019 10:06:49 am,7.558,922.92,890.6
10/26/2019 10:06:49 am,7.559,913.62,880.93
10/26/2019 10:06:49 am,7.56,902.54,870.9
10/26/2019 10:06:49 am,7.561,891.25,861.08
10/26/2019 10:06:49 am,7.562,879.28,850.61
10/26/2019 10:06:49 am,7.563,868.95,839.32
10/26/2019 10:06:49 am,7.564,858.58,827.5
10/26/2019 10:06:49 am,7.565,845.77,815.54
10/26/2019 10:06:49 am,7.566,834.26,803.28
10/26/2019 10:06:49 am,7.567,819.75,790.03
10/26/2019 10:06:49 am,7.568,806.57,776.35
10/26/2019 10:06:49 am,7.569,793.38,762.22
10/26/2019 10:06:49 am,7.57,778.26,748.46
10/26/2019 10:06:49 am,7.571000000000001,764.0,731.73
10/26/2019 10:06:49 am,7.572,749.44,716.33
10/26/2019 10:06:49 am,7.5729999999999995,734.23,700.55
10/26/2019 10:06:49 am,7.574,718.31,684.69
10/26/2019 10:06:49 am,7.575,703.08,669.33
10/26/2019 10:06:49 am,7.5760000000000005,688.73,652.28
10/26/2019 10:06:49 am,7.577000000000001,672.05,634.31
10/26/2019 10:06:49 am,7.577999999999999,654.41,614.29
10/26/2019 10:06:49 am,7.579,637.64,596.37
10/26/2019 10:06:49 am,7.58,619.97,577.42
10/26/2019 10:06:49 am,7.581,603.71,559.45
10/26/2019 10:06:49 am,7.582000000000001,586.53,540.01
10/26/2019 10:06:49 am,7.582999999999999,567.71,520.47
10/26/2019 10:06:49 am,7.584,548.86,501.13
10/26/2019 10:06:49 am,7.585,527.95,479.39
10/26/2019 10:06:49 am,7.586,507.98,457.83
10/26/2019 10:06:49 am,7.587000000000001,487.77,436.81
10/26/2019 10:06:49 am,7.587999999999999,464.86,416.39
10/26/2019 10:06:49 am,7.5889999999999995,442.22,394.9
10/26/2019 10:06:49 am,7.59,418.7,373.48
10/26/2019 10:06:49 am,7.591,394.93,355.65
10/26/2019 10:06:49 am,7.5920000000000005,370.18,334.14
10/26/2019 10:06:49 am,7.593,347.91,314.7
10/26/2019 10:06:49 am,7.593999999999999,325.66,292.12
10/26/2019 10:06:49 am,7.595,303.44,272.61
10/26/2019 10:06:49 am,7.596,281.77,253.29
10/26/2019 10:06:49 am,7.597,256.9,233.89
10/26/2019 10:06:49 am,7.598,234.4,214.13
10/26/2019 10:06:49 am,7.599,212.8,196.15
10/26/2019 10:06:49 am,7.6,192.81,178.13
10/26/2019 10:06:49 am,7.601,176.52,161.13
10/26/2019 10:06:49 am,7.602,158.93,143.01
10/26/2019 10:06:49 am,7.603,141.77,123.99
10/26/2019 10:06:49 am,7.604,124.02,105.83
10/26/2019 10:06:49 am,7.605,105.07,90.87
10/26/2019 10:06:49 am,7.606,88.45,78.84
10/26/2019 10:06:49 am,7.607,73.05,68.13
10/26/2019 10:06:49 am,7.608,60.88,43.69
10/26/2019 10:06:49 am,7.609,50.8,15.83
10/26/2019 10:06:49 am,7.61,41.24,20.34
10/26/2019 10:06:49 am,7.611000000000001,28.88,16.17
10/26/2019 10:06:49 am,7.612,17.76,7.64
10/26/2019 10:06:49 am,7.6129999999999995,8.33,-0.84
10/26/2019 10:06:49 am,7.614,-7.23,-6.63
10/26/2019 10:06:49 am,7.615,-8.9,-2.38
10/26/2019 10:06:49 am,7.6160000000000005,-4.1,-1.27
10/26/2019 10:06:49 am,7.617000000000001,-4.22,2.24
10/26/2019 10:06:49 am,7.617999999999999,5.69,5.3
10/26/2019 10:06:49 am,7.619,6.57,4.24
10/26/2019 10:06:49 am,7.62,7.06,5.09
10/26/2019 10:06:49 am,7.621,7.66,2.34
10/26/2019 10:06:49 am,7.622000000000001,2.73,-1.74
10/26/2019 10:06:49 am,7.622999999999999,1.84,-3.68
10/26/2019 10:06:49 am,7.624,0.28,-5.26
10/26/2019 10:06:49 am,7.625,-1.01,-4.81
10/26/2019 10:06:49 am,7.626,1.42,-2.57
10/26/2019 10:06:49 am,7.627000000000001,3.53,-1.28
10/26/2019 10:06:49 am,7.627999999999999,4.61,0.87
10/26/2019 10:06:49 am,7.629,4.58,2.75
10/26/2019 10:06:49 am,7.63,3.99,3.62
10/26/2019 10:06:49 am,7.631,4.04,2.85
10/26/2019 10:06:49 am,7.632000000000001,4.36,1.43
10/26/2019 10:06:49 am,7.632999999999999,3.79,-1.55
10/26/2019 10:06:49 am,7.6339999999999995,4.74,-3.93
10/26/2019 10:06:49 am,7.635,4.88,-5.77
10/26/2019 10:06:49 am,7.636,4.5,-5.88
10/26/2019 10:06:49 am,7.6370000000000005,5.47,-4.71
10/26/2019 10:06:49 am,7.638,4.88,-3.42
10/26/2019 10:06:49 am,7.638999999999999,4.74,-0.99
10/26/2019 10:06:49 am,7.64,5.12,2.01
10/26/2019 10:06:49 am,7.641,4.09,3.44
10/26/2019 10:06:49 am,7.642,4.37,4.18
10/26/2019 10:06:49 am,7.643,4.09,4.21
10/26/2019 10:06:49 am,7.644,3.74,2.1
10/26/2019 10:06:49 am,7.645,3.45,-0.67
10/26/2019 10:06:49 am,7.646,2.72,-2.86
10/26/2019 10:06:49 am,7.647,2.58,-3.87
10/26/2019 10:06:49 am,7.648,2.56,-3.95
10/26/2019 10:06:49 am,7.649,2.42,-2.91
10/26/2019 10:06:49 am,7.65,2.53,-1.36
10/26/2019 10:06:49 am,7.651,3.12,0.41
10/26/2019 10:06:49 am,7.652,3.18,1.43
10/26/2019 10:06:49 am,7.653,3.72,3.42
10/26/2019 10:06:49 am,7.654,3.9,7.47
10/26/2019 10:06:49 am,7.655,3.64,3.11
10/26/2019 10:06:49 am,7.656000000000001,3.72,-7.77
10/26/2019 10:06:49 am,7.657,2.99,-11.69
10/26/2019 10:06:49 am,7.6579999999999995,2.85,-10.58
10/26/2019 10:06:49 am,7.659,3.09,-6.19
10/26/2019 10:06:49 am,7.66,3.39,1.42
10/26/2019 10:06:49 am,7.6610000000000005,3.31,5.94
10/26/2019 10:06:49 am,7.662000000000001,3.37,6.61
10/26/2019 10:06:49 am,7.662999999999999,2.91,6.2
10/26/2019 10:06:49 am,7.664,3.53,3.44
10/26/2019 10:06:49 am,7.665,2.74,-1.85
10/26/2019 10:06:49 am,7.666,2.77,-4.81
10/26/2019 10:06:49 am,7.667000000000001,2.91,-5.83
10/26/2019 10:06:49 am,7.667999999999999,2.85,-5.56
10/26/2019 10:06:49 am,7.669,3.31,-3.58
10/26/2019 10:06:49 am,7.67,3.26,-1.2
10/26/2019 10:06:49 am,7.671,3.23,1.72
10/26/2019 10:06:49 am,7.672000000000001,3.88,3.03
10/26/2019 10:06:49 am,7.672999999999999,3.53,3.14
10/26/2019 10:06:49 am,7.6739999999999995,3.55,1.23
10/26/2019 10:06:49 am,7.675,4.15,-0.37
10/26/2019 10:06:49 am,7.676,4.07,-2.19
10/26/2019 10:06:49 am,7.6770000000000005,4.37,-3.2
10/26/2019 10:06:49 am,7.678,3.91,-2.96
10/26/2019 10:06:49 am,7.678999999999999,3.31,-2.29
10/26/2019 10:06:49 am,7.68,4.04,-0.67
10/26/2019 10:06:49 am,7.681,3.63,0.83
10/26/2019 10:06:49 am,7.682,3.9,1.29
10/26/2019 10:06:49 am,7.683,3.99,1.69
10/26/2019 10:06:49 am,7.684,4.04,0.81
10/26/2019 10:06:49 am,7.685,4.04,-0.05
10/26/2019 10:06:49 am,7.686,4.23,-0.8
10/26/2019 10:06:49 am,7.687,3.85,-1.79
10/26/2019 10:06:49 am,7.688,4.5,-1.57
10/26/2019 10:06:49 am,7.689,4.61,-1.14
10/26/2019 10:06:49 am,7.69,4.2,-0.47
10/26/2019 10:06:49 am,7.691,4.42,0.6
10/26/2019 10:06:49 am,7.692,4.26,0.67
10/26/2019 10:06:49 am,7.693,4.15,0.91
10/26/2019 10:06:49 am,7.694,3.77,0.27
10/26/2019 10:06:49 am,7.695,4.69,0.0
10/26/2019 10:06:49 am,7.696000000000001,4.34,-0.37
10/26/2019 10:06:49 am,7.697,4.63,-0.47
10/26/2019 10:06:49 am,7.6979999999999995,4.42,0.16
10/26/2019 10:06:49 am,7.699,4.23,1.03
10/26/2019 10:06:49 am,7.7,4.36,0.56
10/26/2019 10:06:49 am,7.7010000000000005,4.36,-0.46
10/26/2019 10:06:49 am,7.702000000000001,4.66,-2.12
10/26/2019 10:06:49 am,7.702999999999999,4.5,-2.18
10/26/2019 10:06:49 am,7.704,4.53,-1.17
10/26/2019 10:06:49 am,7.705,4.01,0.2
10/26/2019 10:06:49 am,7.706,3.64,0.94
10/26/2019 10:06:49 am,7.707000000000001,4.09,1.61
10/26/2019 10:06:49 am,7.707999999999999,4.55,1.72
10/26/2019 10:06:49 am,7.709,4.34,0.91
10/26/2019 10:06:49 am,7.71,4.42,-0.24
10/26/2019 10:06:49 am,7.711,4.04,-0.75
10/26/2019 10:06:49 am,7.712000000000001,3.88,-1.63
10/26/2019 10:06:49 am,7.712999999999999,4.09,-1.36
10/26/2019 10:06:49 am,7.7139999999999995,4.31,-0.74
10/26/2019 10:06:49 am,7.715,4.36,-0.02
10/26/2019 10:06:49 am,7.716,4.17,0.19
10/26/2019 10:06:49 am,7.7170000000000005,4.34,1.02
10/26/2019 10:06:49 am,7.718,4.39,1.19
10/26/2019 10:06:49 am,7.718999999999999,4.15,0.3
10/26/2019 10:06:49 am,7.72,3.82,-0.18
10/26/2019 10:06:49 am,7.721,4.23,-0.42
10/26/2019 10:06:49 am,7.722,4.34,-0.63
10/26/2019 10:06:49 am,7.723,4.04,-0.96
10/26/2019 10:06:49 am,7.724,3.85,-0.39
10/26/2019 10:06:49 am,7.725,4.34,-0.06
10/26/2019 10:06:49 am,7.726,4.28,0.18
10/26/2019 10:06:49 am,7.727,3.96,-0.03
10/26/2019 10:06:49 am,7.728,4.28,-0.2
10/26/2019 10:06:49 am,7.729,4.36,-1.13
10/26/2019 10:06:49 am,7.73,4.01,-1.22
10/26/2019 10:06:49 am,7.731,3.88,-0.77
10/26/2019 10:06:49 am,7.732,3.64,-0.9
10/26/2019 10:06:49 am,7.733,3.55,0.22
10/26/2019 10:06:49 am,7.734,3.63,0.03
10/26/2019 10:06:49 am,7.735,3.77,-0.3
10/26/2019 10:06:49 am,7.736000000000001,3.71,-0.53
10/26/2019 10:06:49 am,7.737,4.09,-0.31
10/26/2019 10:06:49 am,7.7379999999999995,3.9,-0.91
10/26/2019 10:06:49 am,7.739,3.34,-0.69
10/26/2019 10:06:49 am,7.74,4.04,-0.2
10/26/2019 10:06:49 am,7.7410000000000005,4.1,-0.47
10/26/2019 10:06:49 am,7.742000000000001,4.18,-0.23
10/26/2019 10:06:49 am,7.742999999999999,3.45,-0.25
10/26/2019 10:06:49 am,7.744,3.98,0.31
10/26/2019 10:06:49 am,7.745,4.74,-0.27
10/26/2019 10:06:49 am,7.746,4.34,-0.23
10/26/2019 10:06:49 am,7.747000000000001,4.28,-0.28
10/26/2019 10:06:49 am,7.747999999999999,3.91,-0.41
10/26/2019 10:06:49 am,7.749,3.58,-0.42
10/26/2019 10:06:49 am,7.75,4.12,-0.2
10/26/2019 10:06:49 am,7.751,3.63,-0.58
10/26/2019 10:06:49 am,7.752000000000001,3.9,-0.2
10/26/2019 10:06:49 am,7.752999999999999,4.17,0.14
10/26/2019 10:06:49 am,7.754,3.58,-0.37
10/26/2019 10:06:49 am,7.755,3.88,0.07
10/26/2019 10:06:49 am,7.756,3.91,-0.5
10/26/2019 10:06:49 am,7.757000000000001,4.07,-0.36
10/26/2019 10:06:49 am,7.757999999999999,4.01,-0.31
10/26/2019 10:06:49 am,7.7589999999999995,3.66,-0.64
10/26/2019 10:06:49 am,7.76,3.99,-0.55
10/26/2019 10:06:49 am,7.761,3.85,-0.09
10/26/2019 10:06:49 am,7.7620000000000005,3.72,-0.2
10/26/2019 10:06:49 am,7.763,3.71,-0.57
10/26/2019 10:06:49 am,7.763999999999999,3.82,-0.66
10/26/2019 10:06:49 am,7.765,3.53,-0.52
10/26/2019 10:06:49 am,7.766,3.77,-0.55
10/26/2019 10:06:49 am,7.767,3.69,-0.8
10/26/2019 10:06:49 am,7.768,3.45,-0.25
10/26/2019 10:06:49 am,7.769,4.01,-0.2
10/26/2019 10:06:49 am,7.77,4.07,-0.31
10/26/2019 10:06:49 am,7.771,4.04,-0.34
10/26/2019 10:06:49 am,7.772,4.01,-0.36
10/26/2019 10:06:49 am,7.773,4.2,-0.44
10/26/2019 10:06:49 am,7.774,3.39,-0.58
10/26/2019 10:06:49 am,7.775,3.45,-0.52
10/26/2019 10:06:49 am,7.776,3.69,-0.01
10/26/2019 10:06:49 am,7.777,3.66,-0.53
10/26/2019 10:06:49 am,7.778,3.88,-0.42
10/26/2019 10:06:49 am,7.779,3.83,-0.44
10/26/2019 10:06:49 am,7.78,3.91,-0.07
10/26/2019 10:06:49 am,7.781000000000001,3.69,-0.44
10/26/2019 10:06:49 am,7.782,3.93,-0.23
10/26/2019 10:06:49 am,7.7829999999999995,4.31,-0.29
10/26/2019 10:06:49 am,7.784,3.8,-0.37
10/26/2019 10:06:49 am,7.785,4.5,-0.12
10/26/2019 10:06:49 am,7.7860000000000005,4.2,-0.44
10/26/2019 10:06:49 am,7.787000000000001,4.12,-0.1
10/26/2019 10:06:49 am,7.787999999999999,4.04,-0.1
10/26/2019 10:06:49 am,7.789,4.04,-0.12
10/26/2019 10:06:49 am,7.79,4.36,-0.12
10/26/2019 10:06:49 am,7.791,4.34,-0.23
10/26/2019 10:06:49 am,7.792000000000001,4.2,-0.18
10/26/2019 10:06:49 am,7.792999999999999,3.74,-0.23
10/26/2019 10:06:49 am,7.794,4.1,-0.47
10/26/2019 10:06:49 am,7.795,4.26,0.2
10/26/2019 10:06:49 am,7.796,4.23,-0.13
10/26/2019 10:06:49 am,7.797000000000001,4.26,-0.28
10/26/2019 10:06:49 am,7.797999999999999,4.12,0.42
10/26/2019 10:06:49 am,7.7989999999999995,4.2,-0.31
10/26/2019 10:06:49 am,7.8,4.34,0.01
10/26/2019 10:06:49 am,7.801,4.17,-0.23
10/26/2019 10:06:49 am,7.8020000000000005,4.12,0.17
10/26/2019 10:06:49 am,7.803,4.07,-0.15
10/26/2019 10:06:49 am,7.803999999999999,4.2,-0.12
10/26/2019 10:06:49 am,7.805,4.45,-0.31
10/26/2019 10:06:49 am,7.806,4.26,0.17
10/26/2019 10:06:49 am,7.807,4.55,-0.23
10/26/2019 10:06:49 am,7.808,4.2,-0.12
10/26/2019 10:06:49 am,7.809,4.45,-0.12
10/26/2019 10:06:49 am,7.81,4.01,-0.47
10/26/2019 10:06:49 am,7.811,4.01,-0.12
10/26/2019 10:06:49 am,7.812,4.18,-0.04
10/26/2019 10:06:49 am,7.813,4.09,0.15
10/26/2019 10:06:49 am,7.814,4.31,-0.09
10/26/2019 10:06:49 am,7.815,4.26,-0.13
10/26/2019 10:06:49 am,7.816,4.58,0.26
10/26/2019 10:06:49 am,7.817,4.31,0.23
10/26/2019 10:06:49 am,7.818,4.09,0.33
10/26/2019 10:06:49 am,7.819,3.8,-0.4
10/26/2019 10:06:49 am,7.82,3.93,0.31
10/26/2019 10:06:49 am,7.821000000000001,4.2,-0.1
10/26/2019 10:06:49 am,7.822,4.34,0.04
10/26/2019 10:06:49 am,7.8229999999999995,4.39,0.01
10/26/2019 10:06:49 am,7.824,4.42,-0.04
10/26/2019 10:06:49 am,7.825,4.66,0.39
10/26/2019 10:06:49 am,7.8260000000000005,4.07,-0.17
10/26/2019 10:06:49 am,7.827000000000001,4.61,-0.15
10/26/2019 10:06:49 am,7.827999999999999,4.69,-0.04
10/26/2019 10:06:49 am,7.829,4.52,0.04
10/26/2019 10:06:49 am,7.83,3.88,-0.2
10/26/2019 10:06:49 am,7.831,3.99,-0.31
10/26/2019 10:06:49 am,7.832000000000001,4.28,0.18
10/26/2019 10:06:49 am,7.832999999999999,4.69,-0.07
10/26/2019 10:06:49 am,7.834,3.99,-0.04
10/26/2019 10:06:49 am,7.835,4.42,0.53
10/26/2019 10:06:49 am,7.836,4.15,0.17
10/26/2019 10:06:49 am,7.837000000000001,4.39,-0.31
10/26/2019 10:06:49 am,7.837999999999999,4.39,0.12
10/26/2019 10:06:49 am,7.8389999999999995,3.77,-0.31
10/26/2019 10:06:49 am,7.84,4.04,-0.25
10/26/2019 10:06:49 am,7.841,4.01,0.12
10/26/2019 10:06:49 am,7.8420000000000005,4.34,-0.12
10/26/2019 10:06:49 am,7.843,4.45,0.07
10/26/2019 10:06:49 am,7.843999999999999,4.18,-0.14
10/26/2019 10:06:49 am,7.845,4.2,-0.39
10/26/2019 10:06:49 am,7.846,4.17,-0.42
10/26/2019 10:06:49 am,7.847,3.82,0.07
10/26/2019 10:06:49 am,7.848,3.93,-0.31
10/26/2019 10:06:49 am,7.849,3.98,-0.45
10/26/2019 10:06:49 am,7.85,3.8,-0.01
10/26/2019 10:06:49 am,7.851,3.93,-0.42
10/26/2019 10:06:49 am,7.852,4.12,0.12
10/26/2019 10:06:49 am,7.853,3.93,-0.28
10/26/2019 10:06:49 am,7.854,4.09,-0.31
10/26/2019 10:06:49 am,7.855,3.98,-0.63
10/26/2019 10:06:49 am,7.856,4.07,-0.55
10/26/2019 10:06:49 am,7.857,4.18,0.18
10/26/2019 10:06:49 am,7.858,3.66,-0.01
10/26/2019 10:06:49 am,7.859,4.25,-0.23
10/26/2019 10:06:49 am,7.86,3.26,-0.63
10/26/2019 10:06:49 am,7.861000000000001,3.61,-0.66
10/26/2019 10:06:49 am,7.862,3.88,-0.04
10/26/2019 10:06:49 am,7.8629999999999995,3.82,-0.33
10/26/2019 10:06:49 am,7.864,3.69,-0.31
10/26/2019 10:06:49 am,7.865,4.34,0.04
10/26/2019 10:06:49 am,7.8660000000000005,4.04,-0.23
10/26/2019 10:06:49 am,7.867000000000001,4.12,-0.44
10/26/2019 10:06:49 am,7.867999999999999,3.8,-0.69
10/26/2019 10:06:49 am,7.869,3.99,-0.47
10/26/2019 10:06:49 am,7.87,4.01,-0.61
10/26/2019 10:06:49 am,7.871,3.63,-0.47
10/26/2019 10:06:49 am,7.872000000000001,3.77,-0.57
10/26/2019 10:06:49 am,7.872999999999999,3.82,-0.23
10/26/2019 10:06:49 am,7.874,3.82,-0.06
10/26/2019 10:06:49 am,7.875,3.72,-0.36
10/26/2019 10:06:49 am,7.876,4.2,-0.5
10/26/2019 10:06:49 am,7.877000000000001,3.99,-0.23
10/26/2019 10:06:49 am,7.877999999999999,4.01,-0.47
10/26/2019 10:06:49 am,7.879,3.77,-0.82
10/26/2019 10:06:49 am,7.88,4.15,-0.31
10/26/2019 10:06:49 am,7.881,3.58,-0.85
10/26/2019 10:06:49 am,7.882000000000001,4.2,-0.25
10/26/2019 10:06:49 am,7.882999999999999,4.2,-0.74
10/26/2019 10:06:49 am,7.8839999999999995,3.88,-0.52
10/26/2019 10:06:49 am,7.885,3.74,-0.12
10/26/2019 10:06:49 am,7.886,4.01,0.1
10/26/2019 10:06:49 am,7.8870000000000005,4.26,0.04
10/26/2019 10:06:49 am,7.888,4.28,-0.55
10/26/2019 10:06:49 am,7.888999999999999,4.69,-0.12
10/26/2019 10:06:49 am,7.89,4.04,-0.06
10/26/2019 10:06:49 am,7.891,3.93,-0.31
10/26/2019 10:06:49 am,7.892,3.91,0.29
10/26/2019 10:06:49 am,7.893,4.2,0.07
10/26/2019 10:06:49 am,7.894,4.07,0.29
10/26/2019 10:06:49 am,7.895,4.39,-0.15
10/26/2019 10:06:49 am,7.896,4.66,0.04
10/26/2019 10:06:49 am,7.897,4.23,-0.1
10/26/2019 10:06:49 am,7.898,3.69,0.39
10/26/2019 10:06:49 am,7.899,4.31,0.2
10/26/2019 10:06:49 am,7.9,4.25,-0.23
10/26/2019 10:06:49 am,7.901,4.04,-0.15
10/26/2019 10:06:49 am,7.902,4.12,0.1
10/26/2019 10:06:49 am,7.903,3.63,-0.12
10/26/2019 10:06:49 am,7.904,3.9,0.17
10/26/2019 10:06:49 am,7.905,4.17,0.34
10/26/2019 10:06:49 am,7.906000000000001,4.17,0.15
10/26/2019 10:06:49 am,7.907,4.82,-0.02
10/26/2019 10:06:49 am,7.9079999999999995,4.15,0.3
10/26/2019 10:06:49 am,7.909,4.23,0.01
10/26/2019 10:06:49 am,7.91,4.09,0.07
10/26/2019 10:06:49 am,7.9110000000000005,4.47,0.34
10/26/2019 10:06:49 am,7.912000000000001,4.12,0.02
10/26/2019 10:06:49 am,7.912999999999999,4.28,0.12
10/26/2019 10:06:49 am,7.914,4.34,0.53
10/26/2019 10:06:49 am,7.915,4.2,0.07
10/26/2019 10:06:49 am,7.916,4.17,0.18
10/26/2019 10:06:49 am,7.917000000000001,3.74,0.26
10/26/2019 10:06:49 am,7.917999999999999,4.31,-0.07
10/26/2019 10:06:49 am,7.919,4.12,0.15
10/26/2019 10:06:49 am,7.92,4.01,0.28
10/26/2019 10:06:49 am,7.921,4.31,0.01
10/26/2019 10:06:49 am,7.922000000000001,4.26,0.12
10/26/2019 10:06:49 am,7.922999999999999,3.99,-0.15
10/26/2019 10:06:49 am,7.9239999999999995,3.96,0.31
10/26/2019 10:06:49 am,7.925,4.12,-0.12
10/26/2019 10:06:49 am,7.926,4.36,-0.07
10/26/2019 10:06:49 am,7.9270000000000005,4.12,0.07
10/26/2019 10:06:49 am,7.928,4.17,-0.45
10/26/2019 10:06:49 am,7.928999999999999,4.15,0.18
10/26/2019 10:06:49 am,7.93,4.42,0.18
10/26/2019 10:06:49 am,7.931,4.18,-0.17
10/26/2019 10:06:49 am,7.932,4.04,0.2
10/26/2019 10:06:49 am,7.933,3.5,-0.04
10/26/2019 10:06:49 am,7.934,4.2,-0.45
10/26/2019 10:06:49 am,7.935,4.17,-0.23
10/26/2019 10:06:49 am,7.936,4.47,-0.15
10/26/2019 10:06:49 am,7.937,4.01,-0.15
10/26/2019 10:06:49 am,7.938,4.12,0.2
10/26/2019 10:06:49 am,7.939,4.15,-0.01
10/26/2019 10:06:49 am,7.94,4.28,-0.15
10/26/2019 10:06:49 am,7.941,4.66,0.02
10/26/2019 10:06:49 am,7.942,3.9,-0.39
10/26/2019 10:06:49 am,7.943,4.01,0.01
10/26/2019 10:06:49 am,7.944,4.55,0.09
10/26/2019 10:06:49 am,7.945,4.36,0.05
10/26/2019 10:06:49 am,7.946000000000001,4.31,0.04
10/26/2019 10:06:49 am,7.947,4.42,0.18
10/26/2019 10:06:49 am,7.9479999999999995,4.2,0.26
10/26/2019 10:06:49 am,7.949,4.09,0.15
10/26/2019 10:06:49 am,7.95,4.01,-0.07
10/26/2019 10:06:49 am,7.9510000000000005,4.09,0.47
10/26/2019 10:06:49 am,7.952000000000001,4.58,0.23
10/26/2019 10:06:49 am,7.952999999999999,4.28,0.23
10/26/2019 10:06:49 am,7.954,4.37,0.26
10/26/2019 10:06:49 am,7.955,4.04,-0.2
10/26/2019 10:06:49 am,7.956,4.23,0.15
10/26/2019 10:06:49 am,7.957000000000001,3.98,-0.2
10/26/2019 10:06:49 am,7.957999999999999,4.09,0.13
10/26/2019 10:06:49 am,7.959,3.88,-0.14
10/26/2019 10:06:49 am,7.96,4.15,0.15
10/26/2019 10:06:49 am,7.961,4.18,-0.09
10/26/2019 10:06:49 am,7.962000000000001,3.77,-0.34
10/26/2019 10:06:49 am,7.962999999999999,4.07,-0.09
10/26/2019 10:06:49 am,7.9639999999999995,3.88,0.07
10/26/2019 10:06:49 am,7.965,3.82,-0.25
10/26/2019 10:06:49 am,7.966,4.26,-0.47
10/26/2019 10:06:49 am,7.9670000000000005,3.93,-0.52
10/26/2019 10:06:49 am,7.968,4.15,-0.12
10/26/2019 10:06:49 am,7.968999999999999,3.91,-0.25
10/26/2019 10:06:49 am,7.97,3.77,-0.15
10/26/2019 10:06:49 am,7.971,3.74,-0.01
10/26/2019 10:06:49 am,7.972,3.58,-0.28
10/26/2019 10:06:49 am,7.973,4.23,-0.58
10/26/2019 10:06:49 am,7.974,3.77,-0.55
10/26/2019 10:06:49 am,7.975,4.01,-0.31
10/26/2019 10:06:49 am,7.976,3.77,-0.41
10/26/2019 10:06:49 am,7.977,3.82,-0.04
10/26/2019 10:06:49 am,7.978,3.53,-0.01
10/26/2019 10:06:49 am,7.979,3.74,-0.25
10/26/2019 10:06:49 am,7.98,3.99,-0.55
10/26/2019 10:06:49 am,7.981,4.28,-0.25
10/26/2019 10:06:49 am,7.982,4.28,-0.36
10/26/2019 10:06:49 am,7.983,3.69,0.02
10/26/2019 10:06:49 am,7.984,4.01,-0.58
10/26/2019 10:06:49 am,7.985,4.07,-0.28
10/26/2019 10:06:49 am,7.986000000000001,3.9,-0.04
10/26/2019 10:06:49 am,7.987,4.18,-0.8
10/26/2019 10:06:49 am,7.9879999999999995,4.01,0.02
10/26/2019 10:06:49 am,7.989,3.96,-0.28
10/26/2019 10:06:49 am,7.99,4.12,-0.12
10/26/2019 10:06:49 am,7.9910000000000005,3.93,-0.33
10/26/2019 10:06:49 am,7.992000000000001,4.39,-0.31
10/26/2019 10:06:49 am,7.992999999999999,4.36,0.02
10/26/2019 10:06:49 am,7.994,4.2,0.12
10/26/2019 10:06:49 am,7.995,3.82,-0.58
10/26/2019 10:06:49 am,7.996,3.93,0.1
10/26/2019 10:06:49 am,7.997000000000001,3.9,0.24
10/26/2019 10:06:49 am,7.997999999999999,4.12,-0.07
10/26/2019 10:06:49 am,7.999,4.12,0.21
10/26/2019 10:06:50 am,8.0,4.12,0.61
10/26/2019 10:06:50 am,8.001,4.17,0.74
10/26/2019 10:06:50 am,8.002,3.72,-0.17
10/26/2019 10:06:50 am,8.003,4.04,-0.07
10/26/2019 10:06:50 am,8.004,3.85,0.07
10/26/2019 10:06:50 am,8.005,4.28,0.31
10/26/2019 10:06:50 am,8.006,4.42,-0.14
10/26/2019 10:06:50 am,8.007,4.55,-0.2
10/26/2019 10:06:50 am,8.008,4.34,0.34
10/26/2019 10:06:50 am,8.009,4.26,-0.23
10/26/2019 10:06:50 am,8.01,3.9,-0.04
10/26/2019 10:06:50 am,8.011000000000001,3.9,0.23
10/26/2019 10:06:50 am,8.012,3.9,-0.02
10/26/2019 10:06:50 am,8.013,4.31,0.09
10/26/2019 10:06:50 am,8.014,4.39,-0.15
10/26/2019 10:06:50 am,8.015,4.36,0.01
10/26/2019 10:06:50 am,8.016,4.23,0.17
10/26/2019 10:06:50 am,8.017000000000001,4.31,0.23
10/26/2019 10:06:50 am,8.017999999999999,3.91,0.4
10/26/2019 10:06:50 am,8.019,4.34,0.02
10/26/2019 10:06:50 am,8.02,4.07,0.01
10/26/2019 10:06:50 am,8.021,4.23,0.12
10/26/2019 10:06:50 am,8.022,3.91,0.47
10/26/2019 10:06:50 am,8.023,4.04,0.47
10/26/2019 10:06:50 am,8.024,3.96,0.5
10/26/2019 10:06:50 am,8.025,3.88,-0.04
10/26/2019 10:06:50 am,8.026,4.12,-0.05
10/26/2019 10:06:50 am,8.027000000000001,3.93,0.09
10/26/2019 10:06:50 am,8.027999999999999,4.09,-0.04
10/26/2019 10:06:50 am,8.029,4.53,-0.2
10/26/2019 10:06:50 am,8.03,3.74,-0.15
10/26/2019 10:06:50 am,8.031,4.44,-0.18
10/26/2019 10:06:50 am,8.032,4.39,-0.01
10/26/2019 10:06:50 am,8.033,4.45,0.04
10/26/2019 10:06:50 am,8.033999999999999,4.36,0.04
10/26/2019 10:06:50 am,8.035,3.99,0.18
10/26/2019 10:06:50 am,8.036,4.04,-0.31
10/26/2019 10:06:50 am,8.037,4.15,0.12
10/26/2019 10:06:50 am,8.038,4.28,-0.05
10/26/2019 10:06:50 am,8.039,4.26,0.28
10/26/2019 10:06:50 am,8.04,3.85,-0.15
10/26/2019 10:06:50 am,8.041,4.02,0.53
10/26/2019 10:06:50 am,8.042,3.93,0.45
10/26/2019 10:06:50 am,8.043,4.25,0.31
10/26/2019 10:06:50 am,8.044,4.2,0.26
10/26/2019 10:06:50 am,8.045,3.82,-0.07
10/26/2019 10:06:50 am,8.046,4.2,0.32
10/26/2019 10:06:50 am,8.047,4.25,-0.18
10/26/2019 10:06:50 am,8.048,4.44,-0.07
10/26/2019 10:06:50 am,8.049,4.26,-0.66
10/26/2019 10:06:50 am,8.05,3.88,0.07
10/26/2019 10:06:50 am,8.051,3.45,-0.07
10/26/2019 10:06:50 am,8.052,4.36,-0.17
10/26/2019 10:06:50 am,8.052999999999999,4.45,-0.02
10/26/2019 10:06:50 am,8.054,4.07,-0.34
10/26/2019 10:06:50 am,8.055,3.77,0.1
10/26/2019 10:06:50 am,8.056000000000001,4.12,-0.04
10/26/2019 10:06:50 am,8.057,4.25,-0.2
10/26/2019 10:06:50 am,8.058,4.23,-0.09
10/26/2019 10:06:50 am,8.059,3.72,-0.28
10/26/2019 10:06:50 am,8.06,4.5,-0.23
10/26/2019 10:06:50 am,8.061,4.12,0.05
10/26/2019 10:06:50 am,8.062000000000001,4.28,-0.01
10/26/2019 10:06:50 am,8.062999999999999,4.15,0.23
10/26/2019 10:06:50 am,8.064,4.23,-0.2
10/26/2019 10:06:50 am,8.065,4.36,-0.04
10/26/2019 10:06:50 am,8.066,4.2,-0.12
10/26/2019 10:06:50 am,8.067,3.91,0.2
10/26/2019 10:06:50 am,8.068,3.82,0.29
10/26/2019 10:06:50 am,8.068999999999999,4.04,-0.06
10/26/2019 10:06:50 am,8.07,4.26,0.26
10/26/2019 10:06:50 am,8.071,4.23,0.02
10/26/2019 10:06:50 am,8.072000000000001,4.04,-0.2
10/26/2019 10:06:50 am,8.073,4.18,-0.31
10/26/2019 10:06:50 am,8.074,3.66,-0.12
10/26/2019 10:06:50 am,8.075,3.53,0.18
10/26/2019 10:06:50 am,8.076,4.31,0.21
10/26/2019 10:06:50 am,8.077,4.2,0.15
10/26/2019 10:06:50 am,8.078,4.34,-0.15
10/26/2019 10:06:50 am,8.079,3.93,-0.09
10/26/2019 10:06:50 am,8.08,3.88,-0.28
10/26/2019 10:06:50 am,8.081,3.88,-0.18
10/26/2019 10:06:50 am,8.082,3.93,0.13
10/26/2019 10:06:50 am,8.083,3.82,0.48
10/26/2019 10:06:50 am,8.084,4.01,-0.23
10/26/2019 10:06:50 am,8.085,4.23,-0.49
10/26/2019 10:06:50 am,8.086,4.2,0.07
10/26/2019 10:06:50 am,8.087,3.69,0.1
10/26/2019 10:06:50 am,8.088,4.01,0.48
10/26/2019 10:06:50 am,8.089,4.09,0.21
10/26/2019 10:06:50 am,8.09,4.1,-0.15
10/26/2019 10:06:50 am,8.091000000000001,3.88,-0.28
10/26/2019 10:06:50 am,8.092,4.15,-0.41
10/26/2019 10:06:50 am,8.093,4.15,0.1
10/26/2019 10:06:50 am,8.094,4.17,-0.23
10/26/2019 10:06:50 am,8.095,4.12,-0.44
10/26/2019 10:06:50 am,8.096,3.69,0.07
10/26/2019 10:06:50 am,8.097000000000001,3.96,-0.2
10/26/2019 10:06:50 am,8.097999999999999,3.63,-0.36
10/26/2019 10:06:50 am,8.099,4.04,-0.28
10/26/2019 10:06:50 am,8.1,3.93,-0.04
10/26/2019 10:06:50 am,8.101,3.82,-0.25
10/26/2019 10:06:50 am,8.102,3.8,-0.42
10/26/2019 10:06:50 am,8.103,3.96,0.01
10/26/2019 10:06:50 am,8.104,4.15,0.1
10/26/2019 10:06:50 am,8.105,3.79,0.31
10/26/2019 10:06:50 am,8.106,3.96,-0.26
10/26/2019 10:06:50 am,8.107000000000001,4.01,-0.2
10/26/2019 10:06:50 am,8.107999999999999,3.85,-0.11
10/26/2019 10:06:50 am,8.109,4.04,0.05
10/26/2019 10:06:50 am,8.11,3.93,-0.09
10/26/2019 10:06:50 am,8.111,4.01,-0.23
10/26/2019 10:06:50 am,8.112,3.69,0.21
10/26/2019 10:06:50 am,8.113,4.15,0.1
10/26/2019 10:06:50 am,8.113999999999999,4.26,0.18
10/26/2019 10:06:50 am,8.115,4.17,0.01
10/26/2019 10:06:50 am,8.116,4.39,0.32
10/26/2019 10:06:50 am,8.117,4.36,0.23
10/26/2019 10:06:50 am,8.118,3.99,0.21
10/26/2019 10:06:50 am,8.119,4.34,0.39
10/26/2019 10:06:50 am,8.12,4.26,0.01
10/26/2019 10:06:50 am,8.121,4.25,0.23
10/26/2019 10:06:50 am,8.122,4.61,-0.12
10/26/2019 10:06:50 am,8.123,4.64,0.2
10/26/2019 10:06:50 am,8.124,4.42,0.37
10/26/2019 10:06:50 am,8.125,4.5,0.29
10/26/2019 10:06:50 am,8.126,4.55,-0.01
10/26/2019 10:06:50 am,8.127,4.5,-0.5
10/26/2019 10:06:50 am,8.128,4.28,-0.01
10/26/2019 10:06:50 am,8.129,4.44,0.39
10/26/2019 10:06:50 am,8.13,4.55,-0.04
10/26/2019 10:06:50 am,8.131,4.53,0.58
10/26/2019 10:06:50 am,8.132,4.66,0.2
10/26/2019 10:06:50 am,8.133,4.47,0.66
10/26/2019 10:06:50 am,8.134,4.79,0.31
10/26/2019 10:06:50 am,8.135,4.93,0.31
10/26/2019 10:06:50 am,8.136000000000001,9.1,0.04
10/26/2019 10:06:50 am,8.137,39.0,-0.18
10/26/2019 10:06:50 am,8.138,68.47,0.39
10/26/2019 10:06:50 am,8.139,84.04,-0.12
10/26/2019 10:06:50 am,8.14,99.85,-0.17
10/26/2019 10:06:50 am,8.141,113.29,0.12
10/26/2019 10:06:50 am,8.142000000000001,139.27,0.66
10/26/2019 10:06:50 am,8.142999999999999,199.22,0.63
10/26/2019 10:06:50 am,8.144,314.62,0.66
10/26/2019 10:06:50 am,8.145,554.05,0.67
10/26/2019 10:06:50 am,8.146,910.55,31.65
10/26/2019 10:06:50 am,8.147,1259.44,88.76
10/26/2019 10:06:50 am,8.148,1297.46,91.33
10/26/2019 10:06:50 am,8.149,1008.3,86.37
10/26/2019 10:06:50 am,8.15,688.48,132.43
10/26/2019 10:06:50 am,8.151,541.16,303.48
10/26/2019 10:06:50 am,8.152000000000001,497.04,499.69
10/26/2019 10:06:50 am,8.152999999999999,468.63,727.06
10/26/2019 10:06:50 am,8.154,427.95,997.61
10/26/2019 10:06:50 am,8.155,405.87,1015.14
10/26/2019 10:06:50 am,8.156,416.22,736.56
10/26/2019 10:06:50 am,8.157,456.42,473.7
10/26/2019 10:06:50 am,8.158,513.05,429.94
10/26/2019 10:06:50 am,8.158999999999999,570.7,418.99
10/26/2019 10:06:50 am,8.16,627.25,378.54
10/26/2019 10:06:50 am,8.161,643.18,319.84
10/26/2019 10:06:50 am,8.162,635.69,335.25
10/26/2019 10:06:50 am,8.163,646.39,377.37
10/26/2019 10:06:50 am,8.164,693.3,451.63
10/26/2019 10:06:50 am,8.165,767.33,520.92
10/26/2019 10:06:50 am,8.166,860.67,521.12
10/26/2019 10:06:50 am,8.167,925.05,499.87
10/26/2019 10:06:50 am,8.168,896.7,499.96
10/26/2019 10:06:50 am,8.169,868.04,530.59
10/26/2019 10:06:50 am,8.17,915.09,608.61
10/26/2019 10:06:50 am,8.171,1030.81,741.52
10/26/2019 10:06:50 am,8.172,1177.25,883.54
10/26/2019 10:06:50 am,8.173,1425.43,905.89
10/26/2019 10:06:50 am,8.174,1706.21,736.52
10/26/2019 10:06:50 am,8.175,1957.91,613.78
10/26/2019 10:06:50 am,8.176,2149.27,686.69
10/26/2019 10:06:50 am,8.177,2254.63,840.37
10/26/2019 10:06:50 am,8.177999999999999,2281.71,1014.06
10/26/2019 10:06:50 am,8.179,2275.27,1194.79
10/26/2019 10:06:50 am,8.18,2296.12,1424.12
10/26/2019 10:06:50 am,8.181000000000001,2317.78,1610.31
10/26/2019 10:06:50 am,8.182,2283.57,1738.73
10/26/2019 10:06:50 am,8.183,2185.82,1828.04
10/26/2019 10:06:50 am,8.184,2071.58,1888.23
10/26/2019 10:06:50 am,8.185,1970.33,1928.26
10/26/2019 10:06:50 am,8.186,1870.87,1931.39
10/26/2019 10:06:50 am,8.187000000000001,1764.53,1893.36
10/26/2019 10:06:50 am,8.187999999999999,1672.84,1821.75
10/26/2019 10:06:50 am,8.189,1571.32,1710.05
10/26/2019 10:06:50 am,8.19,1475.86,1593.73
10/26/2019 10:06:50 am,8.191,1380.11,1481.11
10/26/2019 10:06:50 am,8.192,1294.32,1367.93
10/26/2019 10:06:50 am,8.193,1216.6,1267.35
10/26/2019 10:06:50 am,8.193999999999999,1141.45,1170.02
10/26/2019 10:06:50 am,8.195,1060.74,1080.49
10/26/2019 10:06:50 am,8.196,994.71,997.05
10/26/2019 10:06:50 am,8.197000000000001,931.6,911.36
10/26/2019 10:06:50 am,8.198,877.38,840.28
10/26/2019 10:06:50 am,8.199,824.74,776.98
10/26/2019 10:06:50 am,8.2,779.49,719.21
10/26/2019 10:06:50 am,8.201,738.03,664.18
10/26/2019 10:06:50 am,8.202,705.68,613.91
10/26/2019 10:06:50 am,8.203,671.19,573.54
10/26/2019 10:06:50 am,8.204,641.69,539.29
10/26/2019 10:06:50 am,8.205,614.63,502.44
10/26/2019 10:06:50 am,8.206,591.77,468.08
10/26/2019 10:06:50 am,8.207,571.5,442.22
10/26/2019 10:06:50 am,8.208,556.42,423.89
10/26/2019 10:06:50 am,8.209,547.22,408.34
10/26/2019 10:06:50 am,8.21,545.02,393.51
10/26/2019 10:06:50 am,8.211,540.7,378.22
10/26/2019 10:06:50 am,8.212,538.4,358.89
10/26/2019 10:06:50 am,8.213,542.17,343.42
10/26/2019 10:06:50 am,8.214,533.21,333.89
10/26/2019 10:06:50 am,8.215,554.73,325.96
10/26/2019 10:06:50 am,8.216000000000001,591.5,328.39
10/26/2019 10:06:50 am,8.217,621.39,326.46
10/26/2019 10:06:50 am,8.218,634.79,320.49
10/26/2019 10:06:50 am,8.219,644.87,315.79
10/26/2019 10:06:50 am,8.22,669.7,312.92
10/26/2019 10:06:50 am,8.221,709.68,314.63
10/26/2019 10:06:50 am,8.222000000000001,756.65,318.31
10/26/2019 10:06:50 am,8.222999999999999,794.95,323.87
10/26/2019 10:06:50 am,8.224,827.17,332.7
10/26/2019 10:06:50 am,8.225,863.27,345.98
10/26/2019 10:06:50 am,8.226,902.83,358.71
10/26/2019 10:06:50 am,8.227,943.33,372.12
10/26/2019 10:06:50 am,8.228,984.98,383.62
10/26/2019 10:06:50 am,8.229,1023.61,399.56
10/26/2019 10:06:50 am,8.23,1069.67,425.66
10/26/2019 10:06:50 am,8.231,1104.51,461.46
10/26/2019 10:06:50 am,8.232000000000001,1134.57,496.72
10/26/2019 10:06:50 am,8.232999999999999,1159.67,526.35
10/26/2019 10:06:50 am,8.234,1181.6,553.45
10/26/2019 10:06:50 am,8.235,1199.3,583.67
10/26/2019 10:06:50 am,8.236,1212.97,620.15
10/26/2019 10:06:50 am,8.237,1220.48,658.38
10/26/2019 10:06:50 am,8.238,1222.11,695.14
10/26/2019 10:06:50 am,8.238999999999999,1218.33,729.05
10/26/2019 10:06:50 am,8.24,1209.63,757.75
10/26/2019 10:06:50 am,8.241,1199.3,783.49
10/26/2019 10:06:50 am,8.242,1185.78,807.7
10/26/2019 10:06:50 am,8.243,1170.82,836.14
10/26/2019 10:06:50 am,8.244,1153.81,855.62
10/26/2019 10:06:50 am,8.245,1138.34,866.8
10/26/2019 10:06:50 am,8.246,1121.81,872.7
10/26/2019 10:06:50 am,8.247,1106.13,875.43
10/26/2019 10:06:50 am,8.248,1089.5,874.56
10/26/2019 10:06:50 am,8.249,1069.43,868.87
10/26/2019 10:06:50 am,8.25,1052.54,859.29
10/26/2019 10:06:50 am,8.251,1036.77,845.47
10/26/2019 10:06:50 am,8.252,1020.12,829.07
10/26/2019 10:06:50 am,8.253,1004.39,812.39
10/26/2019 10:06:50 am,8.254,988.35,793.99
10/26/2019 10:06:50 am,8.255,972.6,776.35
10/26/2019 10:06:50 am,8.256,958.98,759.59
10/26/2019 10:06:50 am,8.257,944.22,741.59
10/26/2019 10:06:50 am,8.258,931.15,722.6
10/26/2019 10:06:50 am,8.259,916.99,706.86
10/26/2019 10:06:50 am,8.26,904.27,692.22
10/26/2019 10:06:50 am,8.261000000000001,892.03,676.44
10/26/2019 10:06:50 am,8.262,880.3,659.88
10/26/2019 10:06:50 am,8.263,868.19,644.95
10/26/2019 10:06:50 am,8.264,856.79,628.98
10/26/2019 10:06:50 am,8.265,845.88,615.58
10/26/2019 10:06:50 am,8.266,834.85,602.44
10/26/2019 10:06:50 am,8.267000000000001,824.62,589.83
10/26/2019 10:06:50 am,8.267999999999999,814.73,579.13
10/26/2019 10:06:50 am,8.269,806.24,569.68
10/26/2019 10:06:50 am,8.27,797.0,558.8
10/26/2019 10:06:50 am,8.271,789.19,548.07
10/26/2019 10:06:50 am,8.272,780.97,539.13
10/26/2019 10:06:50 am,8.273,773.11,531.13
10/26/2019 10:06:50 am,8.274,766.49,524.34
10/26/2019 10:06:50 am,8.275,758.97,518.41
10/26/2019 10:06:50 am,8.276,752.35,512.34
10/26/2019 10:06:50 am,8.277000000000001,744.81,506.55
10/26/2019 10:06:50 am,8.277999999999999,738.38,500.38
10/26/2019 10:06:50 am,8.279,730.73,495.03
10/26/2019 10:06:50 am,8.28,723.94,490.02
10/26/2019 10:06:50 am,8.281,715.59,483.75
10/26/2019 10:06:50 am,8.282,707.53,476.68
10/26/2019 10:06:50 am,8.283,697.88,470.09
10/26/2019 10:06:50 am,8.283999999999999,688.5,462.76
10/26/2019 10:06:50 am,8.285,679.12,456.19
10/26/2019 10:06:50 am,8.286,668.38,449.62
10/26/2019 10:06:50 am,8.287,658.7,442.14
10/26/2019 10:06:50 am,8.288,648.07,433.78
10/26/2019 10:06:50 am,8.289,637.93,425.75
10/26/2019 10:06:50 am,8.29,627.23,417.51
10/26/2019 10:06:50 am,8.291,617.95,409.32
10/26/2019 10:06:50 am,8.292,608.04,401.7
10/26/2019 10:06:50 am,8.293,598.44,392.34
10/26/2019 10:06:50 am,8.294,589.05,384.72
10/26/2019 10:06:50 am,8.295,580.32,377.18
10/26/2019 10:06:50 am,8.296,572.58,371.01
10/26/2019 10:06:50 am,8.297,565.31,366.1
10/26/2019 10:06:50 am,8.298,557.23,360.44
10/26/2019 10:06:50 am,8.299,550.58,356.88
10/26/2019 10:06:50 am,8.3,544.0,351.98
10/26/2019 10:06:50 am,8.301,537.38,347.1
10/26/2019 10:06:50 am,8.302,531.08,342.99
10/26/2019 10:06:50 am,8.302999999999999,525.67,339.72
10/26/2019 10:06:50 am,8.304,520.16,336.12
10/26/2019 10:06:50 am,8.305,515.27,332.88
10/26/2019 10:06:50 am,8.306000000000001,511.59,330.12
10/26/2019 10:06:50 am,8.307,507.89,327.8
10/26/2019 10:06:50 am,8.308,504.16,325.75
10/26/2019 10:06:50 am,8.309,501.3,323.86
10/26/2019 10:06:50 am,8.31,498.54,321.97
10/26/2019 10:06:50 am,8.311,495.78,320.58
10/26/2019 10:06:50 am,8.312000000000001,493.65,318.56
10/26/2019 10:06:50 am,8.312999999999999,491.66,317.91
10/26/2019 10:06:50 am,8.314,490.68,316.37
10/26/2019 10:06:50 am,8.315,489.85,316.32
10/26/2019 10:06:50 am,8.316,489.23,315.43
10/26/2019 10:06:50 am,8.317,488.4,315.1
10/26/2019 10:06:50 am,8.318,487.94,315.21
10/26/2019 10:06:50 am,8.318999999999999,486.81,314.43
10/26/2019 10:06:50 am,8.32,486.13,314.94
10/26/2019 10:06:50 am,8.321,485.38,314.78
10/26/2019 10:06:50 am,8.322000000000001,485.25,315.27
10/26/2019 10:06:50 am,8.323,484.28,315.7
10/26/2019 10:06:50 am,8.324,483.99,316.05
10/26/2019 10:06:50 am,8.325,483.53,316.81
10/26/2019 10:06:50 am,8.326,482.48,317.35
10/26/2019 10:06:50 am,8.327,481.26,318.67
10/26/2019 10:06:50 am,8.328,480.67,319.37
10/26/2019 10:06:50 am,8.329,479.89,319.26
10/26/2019 10:06:50 am,8.33,478.67,320.4
10/26/2019 10:06:50 am,8.331,477.38,321.18
10/26/2019 10:06:50 am,8.332,476.13,322.1
10/26/2019 10:06:50 am,8.333,474.49,321.96
10/26/2019 10:06:50 am,8.334,473.57,322.78
10/26/2019 10:06:50 am,8.335,471.73,323.05
10/26/2019 10:06:50 am,8.336,470.27,323.24
10/26/2019 10:06:50 am,8.337,468.33,323.91
10/26/2019 10:06:50 am,8.338,466.95,323.97
10/26/2019 10:06:50 am,8.339,465.62,324.05
10/26/2019 10:06:50 am,8.34,463.7,323.72
10/26/2019 10:06:50 am,8.341000000000001,462.3,323.89
10/26/2019 10:06:50 am,8.342,461.57,323.73
10/26/2019 10:06:50 am,8.343,459.57,323.81
10/26/2019 10:06:50 am,8.344,458.79,323.92
10/26/2019 10:06:50 am,8.345,457.65,323.97
10/26/2019 10:06:50 am,8.346,456.68,323.97
10/26/2019 10:06:50 am,8.347000000000001,456.27,324.08
10/26/2019 10:06:50 am,8.347999999999999,455.52,324.73
10/26/2019 10:06:50 am,8.349,455.14,325.08
10/26/2019 10:06:50 am,8.35,454.98,325.22
10/26/2019 10:06:50 am,8.351,455.06,326.38
10/26/2019 10:06:50 am,8.352,456.09,327.12
10/26/2019 10:06:50 am,8.353,456.2,327.73
10/26/2019 10:06:50 am,8.354,456.14,328.6
10/26/2019 10:06:50 am,8.355,456.82,329.74
10/26/2019 10:06:50 am,8.356,457.96,331.03
10/26/2019 10:06:50 am,8.357000000000001,458.99,332.44
10/26/2019 10:06:50 am,8.357999999999999,459.39,333.28
10/26/2019 10:06:50 am,8.359,460.04,334.55
10/26/2019 10:06:50 am,8.36,461.12,335.38
10/26/2019 10:06:50 am,8.361,461.36,337.06
10/26/2019 10:06:50 am,8.362,461.74,338.39
10/26/2019 10:06:50 am,8.363,462.61,339.8
10/26/2019 10:06:50 am,8.363999999999999,462.66,340.69
10/26/2019 10:06:50 am,8.365,462.8,341.88
10/26/2019 10:06:50 am,8.366,463.01,342.94
10/26/2019 10:06:50 am,8.367,462.9,343.61
10/26/2019 10:06:50 am,8.368,462.96,344.64
10/26/2019 10:06:50 am,8.369,462.57,344.8
10/26/2019 10:06:50 am,8.37,462.33,345.56
10/26/2019 10:06:50 am,8.371,462.41,346.02
10/26/2019 10:06:50 am,8.372,461.6,346.56
10/26/2019 10:06:50 am,8.373,461.46,346.7
10/26/2019 10:06:50 am,8.374,461.09,346.37
10/26/2019 10:06:50 am,8.375,461.49,346.97
10/26/2019 10:06:50 am,8.376,460.89,346.89
10/26/2019 10:06:50 am,8.377,460.43,347.0
10/26/2019 10:06:50 am,8.378,460.7,346.43
10/26/2019 10:06:50 am,8.379,460.06,346.14
10/26/2019 10:06:50 am,8.38,459.97,345.76
10/26/2019 10:06:50 am,8.381,459.76,345.98
10/26/2019 10:06:50 am,8.382,459.76,345.57
10/26/2019 10:06:50 am,8.383,459.35,345.19
10/26/2019 10:06:50 am,8.384,459.22,344.35
10/26/2019 10:06:50 am,8.385,459.84,344.47
10/26/2019 10:06:50 am,8.386000000000001,459.41,344.36
10/26/2019 10:06:50 am,8.387,459.68,343.35
10/26/2019 10:06:50 am,8.388,459.85,343.6
10/26/2019 10:06:50 am,8.389,460.2,343.3
10/26/2019 10:06:50 am,8.39,460.45,342.54
10/26/2019 10:06:50 am,8.391,460.1,342.79
10/26/2019 10:06:50 am,8.392000000000001,460.5,342.04
10/26/2019 10:06:50 am,8.392999999999999,461.7,341.71
10/26/2019 10:06:50 am,8.394,461.59,341.45
10/26/2019 10:06:50 am,8.395,462.1,340.9
10/26/2019 10:06:50 am,8.396,462.86,340.88
10/26/2019 10:06:50 am,8.397,462.38,340.34
10/26/2019 10:06:50 am,8.398,463.0,339.8
10/26/2019 10:06:50 am,8.399,463.73,339.5
10/26/2019 10:06:50 am,8.4,464.16,339.48
10/26/2019 10:06:50 am,8.401,464.38,338.12
10/26/2019 10:06:50 am,8.402000000000001,464.19,337.8
10/26/2019 10:06:50 am,8.402999999999999,464.71,337.72
10/26/2019 10:06:50 am,8.404,464.68,336.29
10/26/2019 10:06:50 am,8.405,464.74,335.89
10/26/2019 10:06:50 am,8.406,464.76,335.61
10/26/2019 10:06:50 am,8.407,464.28,334.86
10/26/2019 10:06:50 am,8.408,464.01,334.27
10/26/2019 10:06:50 am,8.408999999999999,463.49,333.54
10/26/2019 10:06:50 am,8.41,462.84,332.94
10/26/2019 10:06:50 am,8.411,462.52,332.16
10/26/2019 10:06:50 am,8.412,461.71,331.92
10/26/2019 10:06:50 am,8.413,461.33,331.03
10/26/2019 10:06:50 am,8.414,460.47,329.52
10/26/2019 10:06:50 am,8.415,459.57,329.33
10/26/2019 10:06:50 am,8.416,458.44,328.49
10/26/2019 10:06:50 am,8.417,457.63,326.79
10/26/2019 10:06:50 am,8.418,456.57,325.98
10/26/2019 10:06:50 am,8.419,455.01,324.72
10/26/2019 10:06:50 am,8.42,453.54,323.77
10/26/2019 10:06:50 am,8.421,452.24,322.53
10/26/2019 10:06:50 am,8.422,450.57,320.78
10/26/2019 10:06:50 am,8.423,448.92,319.45
10/26/2019 10:06:50 am,8.424,446.67,317.88
10/26/2019 10:06:50 am,8.425,444.13,316.0
10/26/2019 10:06:50 am,8.426,442.02,314.14
10/26/2019 10:06:50 am,8.427,439.69,312.27
10/26/2019 10:06:50 am,8.427999999999999,437.72,310.92
10/26/2019 10:06:50 am,8.429,434.55,309.43
10/26/2019 10:06:50 am,8.43,432.47,307.9
10/26/2019 10:06:50 am,8.431000000000001,430.03,306.15
10/26/2019 10:06:50 am,8.432,427.68,304.7
10/26/2019 10:06:50 am,8.433,424.81,303.35
10/26/2019 10:06:50 am,8.434,423.13,302.48
10/26/2019 10:06:50 am,8.435,420.43,302.18
10/26/2019 10:06:50 am,8.436,418.53,300.75
10/26/2019 10:06:50 am,8.437000000000001,417.25,300.48
10/26/2019 10:06:50 am,8.437999999999999,415.2,300.11
10/26/2019 10:06:50 am,8.439,413.19,300.68
10/26/2019 10:06:50 am,8.44,411.84,300.62
10/26/2019 10:06:50 am,8.441,409.7,300.66
10/26/2019 10:06:50 am,8.442,408.24,301.27
10/26/2019 10:06:50 am,8.443,406.99,302.14
10/26/2019 10:06:50 am,8.443999999999999,405.2,302.74
10/26/2019 10:06:50 am,8.445,403.63,303.01
10/26/2019 10:06:50 am,8.446,402.28,303.58
10/26/2019 10:06:50 am,8.447000000000001,400.22,303.77
10/26/2019 10:06:50 am,8.448,397.35,304.48
10/26/2019 10:06:50 am,8.449,395.53,304.58
10/26/2019 10:06:50 am,8.45,392.75,304.67
10/26/2019 10:06:50 am,8.451,389.9,304.25
10/26/2019 10:06:50 am,8.452,387.38,304.09
10/26/2019 10:06:50 am,8.453,383.65,302.99
10/26/2019 10:06:50 am,8.454,380.4,302.28
10/26/2019 10:06:50 am,8.455,376.09,300.83
10/26/2019 10:06:50 am,8.456,372.33,299.48
10/26/2019 10:06:50 am,8.457,368.03,297.59
10/26/2019 10:06:50 am,8.458,363.42,295.72
10/26/2019 10:06:50 am,8.459,358.95,292.75
10/26/2019 10:06:50 am,8.46,353.6,289.62
10/26/2019 10:06:50 am,8.461,348.53,286.46
10/26/2019 10:06:50 am,8.462,343.07,282.44
10/26/2019 10:06:50 am,8.463,337.84,278.79
10/26/2019 10:06:50 am,8.464,331.26,274.71
10/26/2019 10:06:50 am,8.465,325.6,270.29
10/26/2019 10:06:50 am,8.466000000000001,319.51,265.67
10/26/2019 10:06:50 am,8.467,312.5,261.71
10/26/2019 10:06:50 am,8.468,306.38,256.19
10/26/2019 10:06:50 am,8.469,298.56,251.53
10/26/2019 10:06:50 am,8.47,291.77,245.66
10/26/2019 10:06:50 am,8.471,285.08,239.89
10/26/2019 10:06:50 am,8.472000000000001,278.88,233.97
10/26/2019 10:06:50 am,8.472999999999999,272.15,227.69
10/26/2019 10:06:50 am,8.474,264.84,221.37
10/26/2019 10:06:50 am,8.475,257.72,215.28
10/26/2019 10:06:50 am,8.476,249.51,209.98
10/26/2019 10:06:50 am,8.477,242.51,204.42
10/26/2019 10:06:50 am,8.478,234.61,198.37
10/26/2019 10:06:50 am,8.479,228.16,191.68
10/26/2019 10:06:50 am,8.48,221.31,185.3
10/26/2019 10:06:50 am,8.481,214.12,180.27
10/26/2019 10:06:50 am,8.482000000000001,207.81,174.94
10/26/2019 10:06:50 am,8.482999999999999,200.23,168.93
10/26/2019 10:06:50 am,8.484,192.65,163.68
10/26/2019 10:06:50 am,8.485,186.54,158.65
10/26/2019 10:06:50 am,8.486,180.39,152.9
10/26/2019 10:06:50 am,8.487,173.93,148.16
10/26/2019 10:06:50 am,8.488,168.46,143.24
10/26/2019 10:06:50 am,8.488999999999999,161.99,138.96
10/26/2019 10:06:50 am,8.49,156.5,135.43
10/26/2019 10:06:50 am,8.491,149.62,131.45
10/26/2019 10:06:50 am,8.492,144.29,127.76
10/26/2019 10:06:50 am,8.493,138.8,124.17
10/26/2019 10:06:50 am,8.494,133.5,120.7
10/26/2019 10:06:50 am,8.495,129.01,117.41
10/26/2019 10:06:50 am,8.496,123.25,115.2
10/26/2019 10:06:50 am,8.497,118.38,112.42
10/26/2019 10:06:50 am,8.498,114.65,109.1
10/26/2019 10:06:50 am,8.499,109.67,106.55
10/26/2019 10:06:50 am,8.5,105.72,104.02
10/26/2019 10:06:50 am,8.501,101.59,100.86
10/26/2019 10:06:50 am,8.502,97.67,97.89
10/26/2019 10:06:50 am,8.503,94.64,95.47
10/26/2019 10:06:50 am,8.504,90.86,93.73
10/26/2019 10:06:50 am,8.505,87.66,90.76
10/26/2019 10:06:50 am,8.506,84.36,88.24
10/26/2019 10:06:50 am,8.507,81.17,85.68
10/26/2019 10:06:50 am,8.508,79.79,83.66
10/26/2019 10:06:50 am,8.509,77.71,82.1
10/26/2019 10:06:50 am,8.51,75.6,80.14
10/26/2019 10:06:50 am,8.511000000000001,73.14,78.71
10/26/2019 10:06:50 am,8.512,70.79,76.97
10/26/2019 10:06:50 am,8.513,68.16,76.3
10/26/2019 10:06:50 am,8.514,66.78,74.71
10/26/2019 10:06:50 am,8.515,65.0,72.8
10/26/2019 10:06:50 am,8.516,63.35,70.78
10/26/2019 10:06:50 am,8.517000000000001,61.86,69.35
10/26/2019 10:06:50 am,8.517999999999999,60.48,67.96
10/26/2019 10:06:50 am,8.519,58.78,66.97
10/26/2019 10:06:50 am,8.52,58.29,65.32
10/26/2019 10:06:50 am,8.521,56.97,64.03
10/26/2019 10:06:50 am,8.522,56.26,63.12
10/26/2019 10:06:50 am,8.523,55.29,62.01
10/26/2019 10:06:50 am,8.524,54.45,61.44
10/26/2019 10:06:50 am,8.525,53.99,60.23
10/26/2019 10:06:50 am,8.526,53.29,59.34
10/26/2019 10:06:50 am,8.527000000000001,53.46,59.07
10/26/2019 10:06:50 am,8.527999999999999,52.67,57.96
10/26/2019 10:06:50 am,8.529,52.59,57.11
10/26/2019 10:06:50 am,8.53,52.49,55.94
10/26/2019 10:06:50 am,8.531,52.51,55.15
10/26/2019 10:06:50 am,8.532,52.95,46.49
10/26/2019 10:06:50 am,8.533,52.68,53.63
10/26/2019 10:06:50 am,8.533999999999999,53.22,53.1
10/26/2019 10:06:50 am,8.535,53.68,55.52
10/26/2019 10:06:50 am,8.536,53.49,54.0
10/26/2019 10:06:50 am,8.537,54.09,52.17
10/26/2019 10:06:50 am,8.538,55.2,53.33
10/26/2019 10:06:50 am,8.539,55.98,53.09
10/26/2019 10:06:50 am,8.54,56.07,53.81
10/26/2019 10:06:50 am,8.541,56.53,51.65
10/26/2019 10:06:50 am,8.542,57.12,49.62
10/26/2019 10:06:50 am,8.543,57.94,47.39
10/26/2019 10:06:50 am,8.544,58.67,47.97
10/26/2019 10:06:50 am,8.545,59.08,49.05
10/26/2019 10:06:50 am,8.546,59.97,49.66
10/26/2019 10:06:50 am,8.547,60.92,49.83
10/26/2019 10:06:50 am,8.548,61.84,50.36
10/26/2019 10:06:50 am,8.549,62.95,51.03
10/26/2019 10:06:50 am,8.55,63.41,51.64
10/26/2019 10:06:50 am,8.551,63.71,51.92
10/26/2019 10:06:50 am,8.552,64.71,52.11
10/26/2019 10:06:50 am,8.552999999999999,66.22,51.42
10/26/2019 10:06:50 am,8.554,66.31,50.96
10/26/2019 10:06:50 am,8.555,66.77,50.89
10/26/2019 10:06:50 am,8.556000000000001,68.09,50.97
10/26/2019 10:06:50 am,8.557,68.34,51.05
10/26/2019 10:06:50 am,8.558,69.23,51.51
10/26/2019 10:06:50 am,8.559,69.58,52.47
10/26/2019 10:06:50 am,8.56,69.87,53.19
10/26/2019 10:06:50 am,8.561,69.66,53.24
10/26/2019 10:06:50 am,8.562000000000001,70.44,54.39
10/26/2019 10:06:50 am,8.562999999999999,71.2,54.74
10/26/2019 10:06:50 am,8.564,70.74,54.87
10/26/2019 10:06:50 am,8.565,71.41,55.65
10/26/2019 10:06:50 am,8.566,71.57,55.52
10/26/2019 10:06:50 am,8.567,71.6,55.85
10/26/2019 10:06:50 am,8.568,72.0,55.17
10/26/2019 10:06:50 am,8.568999999999999,71.95,54.58
10/26/2019 10:06:50 am,8.57,71.86,54.75
10/26/2019 10:06:50 am,8.571,72.05,55.04
10/26/2019 10:06:50 am,8.572000000000001,71.91,55.52
10/26/2019 10:06:50 am,8.573,71.4,55.66
10/26/2019 10:06:50 am,8.574,71.67,56.62
10/26/2019 10:06:50 am,8.575,71.37,56.91
10/26/2019 10:06:50 am,8.576,71.37,57.53
10/26/2019 10:06:50 am,8.577,71.69,57.5
10/26/2019 10:06:50 am,8.578,71.71,57.87
10/26/2019 10:06:50 am,8.579,71.87,58.06
10/26/2019 10:06:50 am,8.58,71.41,58.46
10/26/2019 10:06:50 am,8.581,71.44,58.3
10/26/2019 10:06:50 am,8.582,71.6,59.33
10/26/2019 10:06:50 am,8.583,71.32,59.4
10/26/2019 10:06:50 am,8.584,71.49,60.43
10/26/2019 10:06:50 am,8.585,71.86,60.48
10/26/2019 10:06:50 am,8.586,71.54,61.26
10/26/2019 10:06:50 am,8.587,71.62,62.24
10/26/2019 10:06:50 am,8.588,71.54,62.34
10/26/2019 10:06:50 am,8.589,71.91,63.15
10/26/2019 10:06:50 am,8.59,72.08,63.63
10/26/2019 10:06:50 am,8.591000000000001,71.75,63.74
10/26/2019 10:06:50 am,8.592,72.29,64.76
10/26/2019 10:06:50 am,8.593,72.02,65.65
10/26/2019 10:06:50 am,8.594,72.2,66.97
10/26/2019 10:06:50 am,8.595,72.1,67.16
10/26/2019 10:06:50 am,8.596,72.42,68.18
10/26/2019 10:06:50 am,8.597000000000001,72.88,69.34
10/26/2019 10:06:50 am,8.597999999999999,73.23,70.03
10/26/2019 10:06:50 am,8.599,73.23,71.21
10/26/2019 10:06:50 am,8.6,72.69,71.59
10/26/2019 10:06:50 am,8.601,72.28,72.18
10/26/2019 10:06:50 am,8.602,72.44,72.99
10/26/2019 10:06:50 am,8.603,72.01,73.66
10/26/2019 10:06:50 am,8.604,72.28,74.15
10/26/2019 10:06:50 am,8.605,71.77,75.34
10/26/2019 10:06:50 am,8.606,71.12,75.87
10/26/2019 10:06:50 am,8.607000000000001,70.99,76.52
10/26/2019 10:06:50 am,8.607999999999999,70.8,77.49
10/26/2019 10:06:50 am,8.609,70.5,79.13
10/26/2019 10:06:50 am,8.61,69.88,79.86
10/26/2019 10:06:50 am,8.611,69.69,80.45
10/26/2019 10:06:50 am,8.612,69.56,80.71
10/26/2019 10:06:50 am,8.613,68.88,80.98
10/26/2019 10:06:50 am,8.613999999999999,67.8,81.85
10/26/2019 10:06:50 am,8.615,67.66,82.12
10/26/2019 10:06:50 am,8.616,67.12,82.39
10/26/2019 10:06:50 am,8.617,66.15,82.52
10/26/2019 10:06:50 am,8.618,65.31,82.53
10/26/2019 10:06:50 am,8.619,64.56,82.72
10/26/2019 10:06:50 am,8.62,64.07,82.47
10/26/2019 10:06:50 am,8.621,62.75,82.89
10/26/2019 10:06:50 am,8.622,62.04,82.49
10/26/2019 10:06:50 am,8.623,61.66,83.09
10/26/2019 10:06:50 am,8.624,60.37,82.23
10/26/2019 10:06:50 am,8.625,59.61,81.45
10/26/2019 10:06:50 am,8.626,58.26,81.23
10/26/2019 10:06:50 am,8.627,57.39,80.26
10/26/2019 10:06:50 am,8.628,56.42,79.21
10/26/2019 10:06:50 am,8.629,55.67,79.03
10/26/2019 10:06:50 am,8.63,55.07,77.79
10/26/2019 10:06:50 am,8.631,53.66,77.52
10/26/2019 10:06:50 am,8.632,52.8,76.57
10/26/2019 10:06:50 am,8.633,51.61,75.61
10/26/2019 10:06:50 am,8.634,51.04,74.77
10/26/2019 10:06:50 am,8.635,50.15,74.04
10/26/2019 10:06:50 am,8.636000000000001,49.2,72.7
10/26/2019 10:06:50 am,8.637,48.2,71.92
10/26/2019 10:06:50 am,8.638,47.44,71.06
10/26/2019 10:06:50 am,8.639,46.58,69.5
10/26/2019 10:06:50 am,8.64,46.01,68.66
10/26/2019 10:06:50 am,8.641,44.79,67.15
10/26/2019 10:06:50 am,8.642000000000001,43.66,66.59
10/26/2019 10:06:50 am,8.642999999999999,43.2,65.19
10/26/2019 10:06:50 am,8.644,42.33,63.95
10/26/2019 10:06:50 am,8.645,41.68,63.64
10/26/2019 10:06:50 am,8.646,41.25,61.98
10/26/2019 10:06:50 am,8.647,40.68,60.53
10/26/2019 10:06:50 am,8.648,39.76,59.97
10/26/2019 10:06:50 am,8.649,39.19,59.38
10/26/2019 10:06:50 am,8.65,38.49,57.87
10/26/2019 10:06:50 am,8.651,38.38,56.79
10/26/2019 10:06:50 am,8.652000000000001,37.35,55.77
10/26/2019 10:06:50 am,8.652999999999999,37.16,54.64
10/26/2019 10:06:50 am,8.654,35.89,53.69
10/26/2019 10:06:50 am,8.655,36.0,53.32
10/26/2019 10:06:50 am,8.656,35.62,52.73
10/26/2019 10:06:50 am,8.657,34.78,51.49
10/26/2019 10:06:50 am,8.658,34.83,50.92
10/26/2019 10:06:50 am,8.658999999999999,34.4,50.17
10/26/2019 10:06:50 am,8.66,33.7,49.6
10/26/2019 10:06:50 am,8.661,33.29,48.36
10/26/2019 10:06:50 am,8.662,33.32,47.85
10/26/2019 10:06:50 am,8.663,32.89,47.1
10/26/2019 10:06:50 am,8.664,32.83,46.23
10/26/2019 10:06:50 am,8.665,32.34,46.1
10/26/2019 10:06:50 am,8.666,32.53,45.24
10/26/2019 10:06:50 am,8.667,32.26,44.43
10/26/2019 10:06:50 am,8.668,32.21,43.81
10/26/2019 10:06:50 am,8.669,31.75,43.4
10/26/2019 10:06:50 am,8.67,32.02,42.32
10/26/2019 10:06:50 am,8.671,31.69,41.86
10/26/2019 10:06:50 am,8.672,31.75,41.19
10/26/2019 10:06:50 am,8.673,31.45,40.68
10/26/2019 10:06:50 am,8.674,31.42,40.16
10/26/2019 10:06:50 am,8.675,31.42,39.46
10/26/2019 10:06:50 am,8.676,31.29,39.52
10/26/2019 10:06:50 am,8.677,31.39,38.36
10/26/2019 10:06:50 am,8.677999999999999,30.91,38.21
10/26/2019 10:06:50 am,8.679,31.39,37.82
10/26/2019 10:06:50 am,8.68,31.31,36.74
10/26/2019 10:06:50 am,8.681000000000001,31.28,36.83
10/26/2019 10:06:50 am,8.682,31.04,36.39
10/26/2019 10:06:50 am,8.683,31.31,35.98
10/26/2019 10:06:50 am,8.684,30.61,35.63
10/26/2019 10:06:50 am,8.685,31.29,34.93
10/26/2019 10:06:50 am,8.686,31.23,34.91
10/26/2019 10:06:50 am,8.687000000000001,31.04,34.09
10/26/2019 10:06:50 am,8.687999999999999,31.1,33.99
10/26/2019 10:06:50 am,8.689,31.07,33.47
10/26/2019 10:06:50 am,8.69,31.12,33.37
10/26/2019 10:06:50 am,8.691,31.12,32.75
10/26/2019 10:06:50 am,8.692,30.74,32.64
10/26/2019 10:06:50 am,8.693,30.39,32.37
10/26/2019 10:06:50 am,8.693999999999999,30.39,31.85
10/26/2019 10:06:50 am,8.695,30.23,31.56
10/26/2019 10:06:50 am,8.696,30.71,31.29
10/26/2019 10:06:50 am,8.697000000000001,30.49,31.18
10/26/2019 10:06:50 am,8.698,29.66,30.78
10/26/2019 10:06:50 am,8.699,29.49,30.94
10/26/2019 10:06:50 am,8.7,29.82,30.13
10/26/2019 10:06:50 am,8.701,29.52,29.29
10/26/2019 10:06:50 am,8.702,29.36,29.43
10/26/2019 10:06:50 am,8.703,28.84,29.16
10/26/2019 10:06:50 am,8.704,28.71,28.7
10/26/2019 10:06:50 am,8.705,28.41,28.81
10/26/2019 10:06:50 am,8.706,28.71,28.29
10/26/2019 10:06:50 am,8.707,28.46,27.22
10/26/2019 10:06:50 am,8.708,27.68,27.49
10/26/2019 10:06:50 am,8.709,27.46,26.74
10/26/2019 10:06:50 am,8.71,27.03,26.73
10/26/2019 10:06:50 am,8.711,26.62,26.06
10/26/2019 10:06:50 am,8.712,26.25,26.04
10/26/2019 10:06:50 am,8.713,25.95,25.58
10/26/2019 10:06:50 am,8.714,25.89,24.82
10/26/2019 10:06:50 am,8.715,25.14,24.39
10/26/2019 10:06:50 am,8.716000000000001,25.16,24.2
10/26/2019 10:06:50 am,8.717,24.57,24.15
10/26/2019 10:06:50 am,8.718,24.89,24.04
10/26/2019 10:06:50 am,8.719,24.41,23.69
10/26/2019 10:06:50 am,8.72,24.19,22.88
10/26/2019 10:06:50 am,8.721,23.49,22.4
10/26/2019 10:06:50 am,8.722000000000001,23.19,22.24
10/26/2019 10:06:50 am,8.722999999999999,23.11,21.57
10/26/2019 10:06:50 am,8.724,22.57,21.41
10/26/2019 10:06:50 am,8.725,21.73,20.95
10/26/2019 10:06:50 am,8.726,21.86,20.16
10/26/2019 10:06:50 am,8.727,21.4,20.09
10/26/2019 10:06:50 am,8.728,21.48,19.65
10/26/2019 10:06:50 am,8.729,21.1,19.6
10/26/2019 10:06:50 am,8.73,20.4,19.16
10/26/2019 10:06:50 am,8.731,20.38,19.28
10/26/2019 10:06:50 am,8.732000000000001,19.83,18.79
10/26/2019 10:06:50 am,8.732999999999999,19.75,18.39
10/26/2019 10:06:50 am,8.734,19.73,18.28
10/26/2019 10:06:50 am,8.735,19.56,17.61
10/26/2019 10:06:50 am,8.736,19.21,18.26
10/26/2019 10:06:50 am,8.737,18.99,17.8
10/26/2019 10:06:50 am,8.738,18.67,16.75
10/26/2019 10:06:50 am,8.738999999999999,18.21,17.29
10/26/2019 10:06:50 am,8.74,17.89,16.97
10/26/2019 10:06:50 am,8.741,18.27,16.56
10/26/2019 10:06:50 am,8.742,18.13,15.92
10/26/2019 10:06:50 am,8.743,17.32,16.27
10/26/2019 10:06:50 am,8.744,16.92,16.06
10/26/2019 10:06:50 am,8.745,16.57,15.84
10/26/2019 10:06:50 am,8.746,17.0,15.84
10/26/2019 10:06:50 am,8.747,16.75,16.08
10/26/2019 10:06:50 am,8.748,17.1,15.98
10/26/2019 10:06:50 am,8.749,17.05,15.86
10/26/2019 10:06:50 am,8.75,16.51,15.43
10/26/2019 10:06:50 am,8.751,16.21,15.41
10/26/2019 10:06:50 am,8.752,15.76,15.12
10/26/2019 10:06:50 am,8.753,15.22,14.63
10/26/2019 10:06:50 am,8.754,14.57,14.87
10/26/2019 10:06:50 am,8.755,15.13,14.33
10/26/2019 10:06:50 am,8.756,14.73,14.42
10/26/2019 10:06:50 am,8.757,14.7,14.09
10/26/2019 10:06:50 am,8.758,14.81,15.06
10/26/2019 10:06:50 am,8.759,14.62,14.58
10/26/2019 10:06:50 am,8.76,14.21,15.19
10/26/2019 10:06:50 am,8.761000000000001,14.46,15.14
10/26/2019 10:06:50 am,8.762,15.05,15.52
10/26/2019 10:06:50 am,8.763,15.38,15.76
10/26/2019 10:06:50 am,8.764,15.13,15.79
10/26/2019 10:06:50 am,8.765,14.86,15.93
10/26/2019 10:06:50 am,8.766,14.49,15.71
10/26/2019 10:06:50 am,8.767000000000001,14.51,15.79
10/26/2019 10:06:50 am,8.767999999999999,14.24,16.22
10/26/2019 10:06:50 am,8.769,14.62,15.87
10/26/2019 10:06:50 am,8.77,14.43,16.39
10/26/2019 10:06:50 am,8.771,14.78,16.84
10/26/2019 10:06:50 am,8.772,14.54,16.38
10/26/2019 10:06:50 am,8.773,14.76,16.6
10/26/2019 10:06:50 am,8.774,14.59,16.79
10/26/2019 10:06:50 am,8.775,14.43,16.76
10/26/2019 10:06:50 am,8.776,14.27,16.9
10/26/2019 10:06:50 am,8.777000000000001,14.35,17.01
10/26/2019 10:06:50 am,8.777999999999999,13.95,17.46
10/26/2019 10:06:50 am,8.779,13.65,16.6
10/26/2019 10:06:50 am,8.78,13.68,16.79
10/26/2019 10:06:50 am,8.781,13.44,17.2
10/26/2019 10:06:50 am,8.782,13.38,17.01
10/26/2019 10:06:50 am,8.783,13.06,17.04
10/26/2019 10:06:50 am,8.783999999999999,13.22,17.5
10/26/2019 10:06:50 am,8.785,12.92,17.39
10/26/2019 10:06:50 am,8.786,13.06,17.65
10/26/2019 10:06:50 am,8.787,13.27,18.06
10/26/2019 10:06:50 am,8.788,13.43,18.09
10/26/2019 10:06:50 am,8.789,13.33,18.63
10/26/2019 10:06:50 am,8.79,13.49,18.36
10/26/2019 10:06:50 am,8.791,13.38,18.52
10/26/2019 10:06:50 am,8.792,13.7,18.16
10/26/2019 10:06:50 am,8.793,13.16,18.46
10/26/2019 10:06:50 am,8.794,13.49,18.25
10/26/2019 10:06:50 am,8.795,12.97,18.68
10/26/2019 10:06:50 am,8.796,13.35,18.92
10/26/2019 10:06:50 am,8.797,13.03,18.71
10/26/2019 10:06:50 am,8.798,12.76,18.81
10/26/2019 10:06:50 am,8.799,12.79,19.19
10/26/2019 10:06:50 am,8.8,12.11,18.79
10/26/2019 10:06:50 am,8.801,12.36,18.84
10/26/2019 10:06:50 am,8.802,12.44,18.81
10/26/2019 10:06:50 am,8.802999999999999,12.44,19.08
10/26/2019 10:06:50 am,8.804,12.27,19.54
10/26/2019 10:06:50 am,8.805,12.76,19.35
10/26/2019 10:06:50 am,8.806000000000001,12.95,19.97
10/26/2019 10:06:50 am,8.807,12.71,19.61
10/26/2019 10:06:50 am,8.808,13.14,20.13
10/26/2019 10:06:50 am,8.809,13.03,19.78
10/26/2019 10:06:50 am,8.81,12.7,19.94
10/26/2019 10:06:50 am,8.811,12.19,19.97
10/26/2019 10:06:50 am,8.812000000000001,12.86,20.51
10/26/2019 10:06:50 am,8.812999999999999,12.97,20.13
10/26/2019 10:06:50 am,8.814,13.08,20.29
10/26/2019 10:06:50 am,8.815,13.0,20.32
10/26/2019 10:06:50 am,8.816,12.65,20.42
10/26/2019 10:06:50 am,8.817,12.71,20.51
10/26/2019 10:06:50 am,8.818,12.81,20.51
10/26/2019 10:06:50 am,8.818999999999999,12.41,20.29
10/26/2019 10:06:50 am,8.82,12.49,20.0
10/26/2019 10:06:50 am,8.821,11.95,20.03
10/26/2019 10:06:50 am,8.822000000000001,11.49,19.92
10/26/2019 10:06:50 am,8.823,11.63,19.83
10/26/2019 10:06:50 am,8.824,11.98,19.19
10/26/2019 10:06:50 am,8.825,11.57,19.65
10/26/2019 10:06:50 am,8.826,11.6,19.57
10/26/2019 10:06:50 am,8.827,11.52,19.65
10/26/2019 10:06:50 am,8.828,11.63,19.39
10/26/2019 10:06:50 am,8.829,11.49,19.38
10/26/2019 10:06:50 am,8.83,11.68,19.76
10/26/2019 10:06:50 am,8.831,11.54,19.68
10/26/2019 10:06:50 am,8.832,11.54,19.95
10/26/2019 10:06:50 am,8.833,11.71,19.94
10/26/2019 10:06:50 am,8.834,11.87,19.95
10/26/2019 10:06:50 am,8.835,11.6,20.11
10/26/2019 10:06:50 am,8.836,11.46,20.3
10/26/2019 10:06:50 am,8.837,11.6,19.81
10/26/2019 10:06:50 am,8.838,11.6,20.26
10/26/2019 10:06:50 am,8.839,11.84,20.16
10/26/2019 10:06:50 am,8.84,11.73,20.05
10/26/2019 10:06:50 am,8.841000000000001,11.44,20.13
10/26/2019 10:06:50 am,8.842,11.44,19.75
10/26/2019 10:06:50 am,8.843,11.19,19.79
10/26/2019 10:06:50 am,8.844,11.49,19.54
10/26/2019 10:06:50 am,8.845,11.25,19.13
10/26/2019 10:06:50 am,8.846,10.95,19.08
10/26/2019 10:06:50 am,8.847000000000001,10.71,19.05
10/26/2019 10:06:50 am,8.847999999999999,10.6,19.05
10/26/2019 10:06:50 am,8.849,10.52,19.0
10/26/2019 10:06:50 am,8.85,11.14,18.35
10/26/2019 10:06:50 am,8.851,10.6,18.73
10/26/2019 10:06:50 am,8.852,10.76,18.28
10/26/2019 10:06:50 am,8.853,10.68,17.98
10/26/2019 10:06:50 am,8.854,10.71,17.95
10/26/2019 10:06:50 am,8.855,10.36,17.76
10/26/2019 10:06:50 am,8.856,10.03,17.71
10/26/2019 10:06:50 am,8.857000000000001,10.25,18.08
10/26/2019 10:06:50 am,8.857999999999999,10.76,18.01
10/26/2019 10:06:50 am,8.859,10.06,17.52
10/26/2019 10:06:50 am,8.86,10.31,17.63
10/26/2019 10:06:50 am,8.861,10.14,17.71
10/26/2019 10:06:50 am,8.862,10.3,17.52
10/26/2019 10:06:50 am,8.863,10.9,17.42
10/26/2019 10:06:50 am,8.863999999999999,10.95,17.01
10/26/2019 10:06:50 am,8.865,10.73,17.03
10/26/2019 10:06:50 am,8.866,10.57,17.22
10/26/2019 10:06:50 am,8.867,10.71,16.63
10/26/2019 10:06:50 am,8.868,10.9,16.33
10/26/2019 10:06:50 am,8.869,11.09,16.5
10/26/2019 10:06:50 am,8.87,10.76,16.31
10/26/2019 10:06:50 am,8.871,11.0,16.09
10/26/2019 10:06:50 am,8.872,10.55,15.85
10/26/2019 10:06:50 am,8.873,10.22,15.95
10/26/2019 10:06:50 am,8.874,10.82,15.28
10/26/2019 10:06:50 am,8.875,10.76,15.15
10/26/2019 10:06:50 am,8.876,10.38,14.88
10/26/2019 10:06:50 am,8.877,10.22,15.04
10/26/2019 10:06:50 am,8.878,10.3,14.77
10/26/2019 10:06:50 am,8.879,10.25,15.18
10/26/2019 10:06:50 am,8.88,10.09,14.58
10/26/2019 10:06:50 am,8.881,10.41,14.5
10/26/2019 10:06:50 am,8.882,9.95,14.45
10/26/2019 10:06:50 am,8.883,10.41,14.2
10/26/2019 10:06:50 am,8.884,10.49,14.28
10/26/2019 10:06:50 am,8.885,10.22,14.42
10/26/2019 10:06:50 am,8.886000000000001,10.3,13.99
10/26/2019 10:06:50 am,8.887,10.28,13.64
10/26/2019 10:06:50 am,8.888,9.84,13.37
10/26/2019 10:06:50 am,8.889,9.82,13.29
10/26/2019 10:06:50 am,8.89,9.98,12.91
10/26/2019 10:06:50 am,8.891,10.25,13.13
10/26/2019 10:06:50 am,8.892000000000001,10.03,12.96
10/26/2019 10:06:50 am,8.892999999999999,9.25,13.05
10/26/2019 10:06:50 am,8.894,9.93,12.86
10/26/2019 10:06:50 am,8.895,9.58,12.62
10/26/2019 10:06:50 am,8.896,9.63,12.51
10/26/2019 10:06:50 am,8.897,9.44,11.59
10/26/2019 10:06:50 am,8.898,9.49,11.89
10/26/2019 10:06:50 am,8.899,9.52,12.0
10/26/2019 10:06:50 am,8.9,8.98,11.97
10/26/2019 10:06:50 am,8.901,9.3,11.35
10/26/2019 10:06:50 am,8.902000000000001,9.63,11.94
10/26/2019 10:06:50 am,8.902999999999999,8.85,11.39
10/26/2019 10:06:50 am,8.904,9.09,11.41
10/26/2019 10:06:50 am,8.905,9.03,11.81
10/26/2019 10:06:50 am,8.906,8.95,11.24
10/26/2019 10:06:50 am,8.907,8.87,11.46
10/26/2019 10:06:50 am,8.908,9.17,11.41
10/26/2019 10:06:50 am,8.908999999999999,9.22,11.06
10/26/2019 10:06:50 am,8.91,9.68,11.55
10/26/2019 10:06:50 am,8.911,9.44,11.32
10/26/2019 10:06:50 am,8.912,9.22,11.11
10/26/2019 10:06:50 am,8.913,9.06,11.11
10/26/2019 10:06:50 am,8.914,9.39,11.08
10/26/2019 10:06:50 am,8.915,9.33,11.03
10/26/2019 10:06:50 am,8.916,8.85,10.76
10/26/2019 10:06:50 am,8.917,9.25,10.16
10/26/2019 10:06:50 am,8.918,9.44,10.62
10/26/2019 10:06:50 am,8.919,9.01,10.41
10/26/2019 10:06:50 am,8.92,9.25,10.61
10/26/2019 10:06:50 am,8.921,9.17,10.38
10/26/2019 10:06:50 am,8.922,9.41,10.36
10/26/2019 10:06:50 am,8.923,9.55,10.47
10/26/2019 10:06:50 am,8.924,9.47,10.3
10/26/2019 10:06:50 am,8.925,9.31,9.71
10/26/2019 10:06:50 am,8.926,8.71,10.04
10/26/2019 10:06:50 am,8.927,9.33,10.25
10/26/2019 10:06:50 am,8.927999999999999,9.25,10.06
10/26/2019 10:06:50 am,8.929,9.23,10.47
10/26/2019 10:06:50 am,8.93,9.47,10.19
10/26/2019 10:06:50 am,8.931000000000001,9.36,9.98
10/26/2019 10:06:50 am,8.932,9.85,9.98
10/26/2019 10:06:50 am,8.933,9.25,9.77
10/26/2019 10:06:50 am,8.934,9.12,10.09
10/26/2019 10:06:50 am,8.935,9.68,9.72
10/26/2019 10:06:50 am,8.936,9.93,9.96
10/26/2019 10:06:50 am,8.937000000000001,9.6,9.74
10/26/2019 10:06:50 am,8.937999999999999,9.68,9.48
10/26/2019 10:06:50 am,8.939,9.87,9.74
10/26/2019 10:06:50 am,8.94,9.41,9.55
10/26/2019 10:06:50 am,8.941,9.85,9.44
10/26/2019 10:06:50 am,8.942,9.55,9.58
10/26/2019 10:06:50 am,8.943,10.09,9.31
10/26/2019 10:06:50 am,8.943999999999999,9.85,9.69
10/26/2019 10:06:50 am,8.945,9.28,9.91
10/26/2019 10:06:50 am,8.946,9.52,9.66
10/26/2019 10:06:50 am,8.947000000000001,9.69,9.88
10/26/2019 10:06:50 am,8.948,9.85,9.42
10/26/2019 10:06:50 am,8.949,9.63,9.53
10/26/2019 10:06:50 am,8.95,9.98,9.8
10/26/2019 10:06:50 am,8.951,9.82,9.77
10/26/2019 10:06:50 am,8.952,9.55,9.45
10/26/2019 10:06:50 am,8.953,9.77,9.72
10/26/2019 10:06:50 am,8.954,9.85,9.69
10/26/2019 10:06:50 am,8.955,9.68,9.66
10/26/2019 10:06:50 am,8.956,9.58,9.8
10/26/2019 10:06:50 am,8.957,9.58,9.91
10/26/2019 10:06:50 am,8.958,9.66,9.85
10/26/2019 10:06:50 am,8.959,9.6,10.47
10/26/2019 10:06:50 am,8.96,10.01,10.28
10/26/2019 10:06:50 am,8.961,9.77,10.09
10/26/2019 10:06:50 am,8.962,9.82,10.33
10/26/2019 10:06:50 am,8.963,9.69,10.25
10/26/2019 10:06:50 am,8.964,10.09,10.11
10/26/2019 10:06:50 am,8.965,10.01,10.95
10/26/2019 10:06:50 am,8.966000000000001,10.01,10.68
10/26/2019 10:06:50 am,8.967,10.04,10.9
10/26/2019 10:06:50 am,8.968,9.87,10.68
10/26/2019 10:06:50 am,8.969,9.98,11.36
10/26/2019 10:06:50 am,8.97,9.63,11.52
10/26/2019 10:06:50 am,8.971,10.17,11.73
10/26/2019 10:06:50 am,8.972000000000001,10.09,11.57
10/26/2019 10:06:50 am,8.972999999999999,9.88,11.4
10/26/2019 10:06:50 am,8.974,9.44,11.94
10/26/2019 10:06:50 am,8.975,9.87,12.03
10/26/2019 10:06:50 am,8.976,9.66,11.67
10/26/2019 10:06:50 am,8.977,9.39,12.08
10/26/2019 10:06:50 am,8.978,9.82,12.34
10/26/2019 10:06:50 am,8.979,10.15,12.47
10/26/2019 10:06:50 am,8.98,9.77,13.31
10/26/2019 10:06:50 am,8.981,9.74,13.5
10/26/2019 10:06:50 am,8.982000000000001,10.06,13.72
10/26/2019 10:06:50 am,8.982999999999999,9.66,13.77
10/26/2019 10:06:50 am,8.984,9.77,13.5
10/26/2019 10:06:50 am,8.985,9.66,13.63
10/26/2019 10:06:50 am,8.986,9.69,13.31
10/26/2019 10:06:50 am,8.987,9.93,14.14
10/26/2019 10:06:50 am,8.988,9.93,14.09
10/26/2019 10:06:50 am,8.988999999999999,9.79,14.98
10/26/2019 10:06:50 am,8.99,10.01,14.98
10/26/2019 10:06:50 am,8.991,10.15,15.25
10/26/2019 10:06:50 am,8.992,10.31,14.9
10/26/2019 10:06:50 am,8.993,10.01,15.17
10/26/2019 10:06:50 am,8.994,10.2,15.39
10/26/2019 10:06:50 am,8.995,10.12,15.33
10/26/2019 10:06:50 am,8.996,9.9,15.92
10/26/2019 10:06:50 am,8.997,10.04,16.0
10/26/2019 10:06:50 am,8.998,10.17,15.74
10/26/2019 10:06:50 am,8.999,10.41,15.84
10/26/2019 10:06:51 am,9.0,10.5,16.18
10/26/2019 10:06:51 am,9.001,10.01,16.46
10/26/2019 10:06:51 am,9.002,10.36,16.56
10/26/2019 10:06:51 am,9.003,10.17,16.43
10/26/2019 10:06:51 am,9.004,10.23,16.43
10/26/2019 10:06:51 am,9.005,10.58,17.35
10/26/2019 10:06:51 am,9.006,10.93,17.58
10/26/2019 10:06:51 am,9.007,10.87,17.51
10/26/2019 10:06:51 am,9.008,10.77,17.31
10/26/2019 10:06:51 am,9.009,10.58,17.82
10/26/2019 10:06:51 am,9.01,10.85,17.77
10/26/2019 10:06:51 am,9.011000000000001,11.01,17.77
10/26/2019 10:06:51 am,9.012,10.71,17.66
10/26/2019 10:06:51 am,9.013,10.79,18.71
10/26/2019 10:06:51 am,9.014,11.2,18.28
10/26/2019 10:06:51 am,9.015,11.12,18.2
10/26/2019 10:06:51 am,9.016,11.39,18.58
10/26/2019 10:06:51 am,9.017000000000001,11.58,19.11
10/26/2019 10:06:51 am,9.017999999999999,11.6,18.85
10/26/2019 10:06:51 am,9.019,11.36,18.76
10/26/2019 10:06:51 am,9.02,11.52,18.71
10/26/2019 10:06:51 am,9.021,11.76,19.06
10/26/2019 10:06:51 am,9.022,11.95,19.33
10/26/2019 10:06:51 am,9.023,12.09,19.28
10/26/2019 10:06:51 am,9.024,11.76,19.57
10/26/2019 10:06:51 am,9.025,11.95,19.73
10/26/2019 10:06:51 am,9.026,11.98,19.71
10/26/2019 10:06:51 am,9.027000000000001,12.14,19.62
10/26/2019 10:06:51 am,9.027999999999999,12.41,19.92
10/26/2019 10:06:51 am,9.029,12.63,20.03
10/26/2019 10:06:51 am,9.03,12.74,19.73
10/26/2019 10:06:51 am,9.031,13.03,20.0
10/26/2019 10:06:51 am,9.032,12.87,20.08
10/26/2019 10:06:51 am,9.033,12.6,20.67
10/26/2019 10:06:51 am,9.033999999999999,13.03,20.52
10/26/2019 10:06:51 am,9.035,13.09,20.51
10/26/2019 10:06:51 am,9.036,13.28,20.14
10/26/2019 10:06:51 am,9.037,12.95,20.81
10/26/2019 10:06:51 am,9.038,13.44,20.54
10/26/2019 10:06:51 am,9.039,13.79,20.3
10/26/2019 10:06:51 am,9.04,13.25,20.68
10/26/2019 10:06:51 am,9.041,13.52,20.78
10/26/2019 10:06:51 am,9.042,13.55,21.0
10/26/2019 10:06:51 am,9.043,13.3,20.33
10/26/2019 10:06:51 am,9.044,14.0,20.6
10/26/2019 10:06:51 am,9.045,14.06,20.22
10/26/2019 10:06:51 am,9.046,13.79,20.25
10/26/2019 10:06:51 am,9.047,14.03,20.38
10/26/2019 10:06:51 am,9.048,14.0,20.49
10/26/2019 10:06:51 am,9.049,13.9,20.66
10/26/2019 10:06:51 am,9.05,13.71,20.22
10/26/2019 10:06:51 am,9.051,14.0,19.84
10/26/2019 10:06:51 am,9.052,14.28,19.77
10/26/2019 10:06:51 am,9.052999999999999,13.71,19.9
10/26/2019 10:06:51 am,9.054,13.95,19.71
10/26/2019 10:06:51 am,9.055,14.14,19.72
10/26/2019 10:06:51 am,9.056000000000001,14.3,19.28
10/26/2019 10:06:51 am,9.057,14.38,20.09
10/26/2019 10:06:51 am,9.058,14.22,19.82
10/26/2019 10:06:51 am,9.059,13.95,19.52
10/26/2019 10:06:51 am,9.06,14.08,19.52
10/26/2019 10:06:51 am,9.061,14.27,19.01
10/26/2019 10:06:51 am,9.062000000000001,14.49,19.12
10/26/2019 10:06:51 am,9.062999999999999,14.35,19.34
10/26/2019 10:06:51 am,9.064,14.25,18.96
10/26/2019 10:06:51 am,9.065,14.49,19.05
10/26/2019 10:06:51 am,9.066,14.71,18.61
10/26/2019 10:06:51 am,9.067,14.92,18.56
10/26/2019 10:06:51 am,9.068,14.7,18.53
10/26/2019 10:06:51 am,9.068999999999999,14.65,18.51
10/26/2019 10:06:51 am,9.07,15.03,18.56
10/26/2019 10:06:51 am,9.071,14.76,18.26
10/26/2019 10:06:51 am,9.072000000000001,14.87,18.15
10/26/2019 10:06:51 am,9.073,15.25,18.03
10/26/2019 10:06:51 am,9.074,14.54,17.88
10/26/2019 10:06:51 am,9.075,14.25,18.48
10/26/2019 10:06:51 am,9.076,14.57,17.53
10/26/2019 10:06:51 am,9.077,14.3,17.61
10/26/2019 10:06:51 am,9.078,15.06,17.43
10/26/2019 10:06:51 am,9.079,15.19,17.26
10/26/2019 10:06:51 am,9.08,14.68,17.7
10/26/2019 10:06:51 am,9.081,14.41,17.73
10/26/2019 10:06:51 am,9.082,14.73,16.75
10/26/2019 10:06:51 am,9.083,14.95,17.02
10/26/2019 10:06:51 am,9.084,15.27,17.43
10/26/2019 10:06:51 am,9.085,14.54,17.16
10/26/2019 10:06:51 am,9.086,14.54,17.35
10/26/2019 10:06:51 am,9.087,14.9,17.05
10/26/2019 10:06:51 am,9.088,14.68,16.62
10/26/2019 10:06:51 am,9.089,14.98,16.65
10/26/2019 10:06:51 am,9.09,14.27,16.75
10/26/2019 10:06:51 am,9.091000000000001,14.57,16.97
10/26/2019 10:06:51 am,9.092,15.46,16.64
10/26/2019 10:06:51 am,9.093,15.22,16.67
10/26/2019 10:06:51 am,9.094,15.19,16.62
10/26/2019 10:06:51 am,9.095,15.11,17.0
10/26/2019 10:06:51 am,9.096,14.87,16.84
10/26/2019 10:06:51 am,9.097000000000001,15.08,16.92
10/26/2019 10:06:51 am,9.097999999999999,15.03,16.65
10/26/2019 10:06:51 am,9.099,15.06,16.59
10/26/2019 10:06:51 am,9.1,15.41,16.89
10/26/2019 10:06:51 am,9.101,15.27,17.14
10/26/2019 10:06:51 am,9.102,15.35,16.84
10/26/2019 10:06:51 am,9.103,15.11,16.35
10/26/2019 10:06:51 am,9.104,15.52,16.65
10/26/2019 10:06:51 am,9.105,15.38,16.71
10/26/2019 10:06:51 am,9.106,15.6,16.62
10/26/2019 10:06:51 am,9.107000000000001,15.38,16.38
10/26/2019 10:06:51 am,9.107999999999999,15.49,17.08
10/26/2019 10:06:51 am,9.109,15.87,17.11
10/26/2019 10:06:51 am,9.11,16.0,16.89
10/26/2019 10:06:51 am,9.111,16.14,17.08
10/26/2019 10:06:51 am,9.112,15.98,17.21
10/26/2019 10:06:51 am,9.113,16.11,17.54
10/26/2019 10:06:51 am,9.113999999999999,16.41,17.35
10/26/2019 10:06:51 am,9.115,16.46,17.41
10/26/2019 10:06:51 am,9.116,16.22,17.43
10/26/2019 10:06:51 am,9.117,16.54,17.4
10/26/2019 10:06:51 am,9.118,16.0,17.75
10/26/2019 10:06:51 am,9.119,16.92,17.88
10/26/2019 10:06:51 am,9.12,16.49,18.24
10/26/2019 10:06:51 am,9.121,16.68,17.97
10/26/2019 10:06:51 am,9.122,16.89,18.07
10/26/2019 10:06:51 am,9.123,17.14,17.99
10/26/2019 10:06:51 am,9.124,16.97,18.7
10/26/2019 10:06:51 am,9.125,17.44,18.67
10/26/2019 10:06:51 am,9.126,16.68,18.64
10/26/2019 10:06:51 am,9.127,17.27,18.99
10/26/2019 10:06:51 am,9.128,17.03,19.08
10/26/2019 10:06:51 am,9.129,16.97,19.47
10/26/2019 10:06:51 am,9.13,17.68,19.34
10/26/2019 10:06:51 am,9.131,17.92,19.64
10/26/2019 10:06:51 am,9.132,17.27,19.58
10/26/2019 10:06:51 am,9.133,17.57,19.72
10/26/2019 10:06:51 am,9.134,17.62,19.88
10/26/2019 10:06:51 am,9.135,17.73,20.29
10/26/2019 10:06:51 am,9.136000000000001,17.79,20.2
10/26/2019 10:06:51 am,9.137,17.73,20.58
10/26/2019 10:06:51 am,9.138,17.62,21.01
10/26/2019 10:06:51 am,9.139,18.63,21.09
10/26/2019 10:06:51 am,9.14,17.95,21.41
10/26/2019 10:06:51 am,9.141,17.76,21.06
10/26/2019 10:06:51 am,9.142000000000001,17.95,21.66
10/26/2019 10:06:51 am,9.142999999999999,18.52,21.76
10/26/2019 10:06:51 am,9.144,18.33,21.9
10/26/2019 10:06:51 am,9.145,18.0,22.31
10/26/2019 10:06:51 am,9.146,18.22,22.38
10/26/2019 10:06:51 am,9.147,18.46,22.38
10/26/2019 10:06:51 am,9.148,17.87,22.76
10/26/2019 10:06:51 am,9.149,18.46,22.47
10/26/2019 10:06:51 am,9.15,18.35,23.03
10/26/2019 10:06:51 am,9.151,18.19,23.46
10/26/2019 10:06:51 am,9.152000000000001,18.16,23.35
10/26/2019 10:06:51 am,9.152999999999999,18.27,23.49
10/26/2019 10:06:51 am,9.154,18.7,23.86
10/26/2019 10:06:51 am,9.155,18.43,23.87
10/26/2019 10:06:51 am,9.156,18.57,23.89
10/26/2019 10:06:51 am,9.157,18.06,24.37
10/26/2019 10:06:51 am,9.158,18.25,23.76
10/26/2019 10:06:51 am,9.158999999999999,18.52,24.62
10/26/2019 10:06:51 am,9.16,18.54,24.81
10/26/2019 10:06:51 am,9.161,18.06,24.91
10/26/2019 10:06:51 am,9.162,18.25,24.83
10/26/2019 10:06:51 am,9.163,18.54,25.27
10/26/2019 10:06:51 am,9.164,18.19,25.56
10/26/2019 10:06:51 am,9.165,17.87,25.24
10/26/2019 10:06:51 am,9.166,18.19,25.51
10/26/2019 10:06:51 am,9.167,18.38,25.8
10/26/2019 10:06:51 am,9.168,18.27,25.8
10/26/2019 10:06:51 am,9.169,17.87,26.72
10/26/2019 10:06:51 am,9.17,18.71,26.26
10/26/2019 10:06:51 am,9.171,18.22,26.34
10/26/2019 10:06:51 am,9.172,18.43,26.31
10/26/2019 10:06:51 am,9.173,18.14,26.53
10/26/2019 10:06:51 am,9.174,18.65,27.04
10/26/2019 10:06:51 am,9.175,18.11,26.9
10/26/2019 10:06:51 am,9.176,18.08,27.17
10/26/2019 10:06:51 am,9.177,18.17,27.45
10/26/2019 10:06:51 am,9.177999999999999,18.38,27.23
10/26/2019 10:06:51 am,9.179,18.57,27.34
10/26/2019 10:06:51 am,9.18,18.33,27.37
10/26/2019 10:06:51 am,9.181000000000001,18.19,27.85
10/26/2019 10:06:51 am,9.182,18.25,28.06
10/26/2019 10:06:51 am,9.183,18.36,27.68
10/26/2019 10:06:51 am,9.184,18.73,28.14
10/26/2019 10:06:51 am,9.185,18.36,27.96
10/26/2019 10:06:51 am,9.186,18.54,28.09
10/26/2019 10:06:51 am,9.187000000000001,18.38,28.42
10/26/2019 10:06:51 am,9.187999999999999,18.98,28.36
10/26/2019 10:06:51 am,9.189,18.9,28.09
10/26/2019 10:06:51 am,9.19,18.84,28.23
10/26/2019 10:06:51 am,9.191,18.57,29.14
10/26/2019 10:06:51 am,9.192,18.52,28.36
10/26/2019 10:06:51 am,9.193,18.41,28.3
10/26/2019 10:06:51 am,9.193999999999999,19.08,28.84
10/26/2019 10:06:51 am,9.195,18.98,28.81
10/26/2019 10:06:51 am,9.196,18.68,28.52
10/26/2019 10:06:51 am,9.197000000000001,18.6,28.68
10/26/2019 10:06:51 am,9.198,18.79,28.6
10/26/2019 10:06:51 am,9.199,19.33,29.08
10/26/2019 10:06:51 am,9.2,18.41,28.73
10/26/2019 10:06:51 am,9.201,18.76,28.22
10/26/2019 10:06:51 am,9.202,19.19,28.57
10/26/2019 10:06:51 am,9.203,18.62,28.84
10/26/2019 10:06:51 am,9.204,19.25,28.57
10/26/2019 10:06:51 am,9.205,19.38,29.11
10/26/2019 10:06:51 am,9.206,19.09,28.95
10/26/2019 10:06:51 am,9.207,19.33,29.05
10/26/2019 10:06:51 am,9.208,19.92,28.76
10/26/2019 10:06:51 am,9.209,19.87,29.21
10/26/2019 10:06:51 am,9.21,19.25,29.19
10/26/2019 10:06:51 am,9.211,19.57,29.0
10/26/2019 10:06:51 am,9.212,19.6,29.03
10/26/2019 10:06:51 am,9.213,19.6,29.32
10/26/2019 10:06:51 am,9.214,19.68,29.68
10/26/2019 10:06:51 am,9.215,20.06,29.46
10/26/2019 10:06:51 am,9.216000000000001,19.79,29.03
10/26/2019 10:06:51 am,9.217,19.95,29.03
10/26/2019 10:06:51 am,9.218,20.19,28.7
10/26/2019 10:06:51 am,9.219,20.09,29.11
10/26/2019 10:06:51 am,9.22,20.46,28.95
10/26/2019 10:06:51 am,9.221,20.19,29.25
10/26/2019 10:06:51 am,9.222000000000001,20.6,29.3
10/26/2019 10:06:51 am,9.222999999999999,20.27,29.3
10/26/2019 10:06:51 am,9.224,20.44,28.97
10/26/2019 10:06:51 am,9.225,20.08,28.7
10/26/2019 10:06:51 am,9.226,20.36,29.19
10/26/2019 10:06:51 am,9.227,20.52,28.89
10/26/2019 10:06:51 am,9.228,20.46,28.78
10/26/2019 10:06:51 am,9.229,20.68,28.33
10/26/2019 10:06:51 am,9.23,20.92,28.7
10/26/2019 10:06:51 am,9.231,21.17,28.65
10/26/2019 10:06:51 am,9.232000000000001,21.3,28.76
10/26/2019 10:06:51 am,9.232999999999999,21.36,28.54
10/26/2019 10:06:51 am,9.234,20.19,28.7
10/26/2019 10:06:51 am,9.235,21.38,28.73
10/26/2019 10:06:51 am,9.236,20.95,28.21
10/26/2019 10:06:51 am,9.237,21.54,28.43
10/26/2019 10:06:51 am,9.238,21.57,28.54
10/26/2019 10:06:51 am,9.238999999999999,21.76,28.86
10/26/2019 10:06:51 am,9.24,21.79,28.05
10/26/2019 10:06:51 am,9.241,21.63,28.16
10/26/2019 10:06:51 am,9.242,22.11,28.54
10/26/2019 10:06:51 am,9.243,21.9,27.78
10/26/2019 10:06:51 am,9.244,22.14,27.83
10/26/2019 10:06:51 am,9.245,22.06,28.16
10/26/2019 10:06:51 am,9.246,22.36,28.35
10/26/2019 10:06:51 am,9.247,22.76,28.41
10/26/2019 10:06:51 am,9.248,22.54,27.97
10/26/2019 10:06:51 am,9.249,22.65,28.06
10/26/2019 10:06:51 am,9.25,23.11,28.0
10/26/2019 10:06:51 am,9.251,22.9,28.43
10/26/2019 10:06:51 am,9.252,22.68,28.3
10/26/2019 10:06:51 am,9.253,23.46,28.51
10/26/2019 10:06:51 am,9.254,23.33,27.97
10/26/2019 10:06:51 am,9.255,22.9,28.51
10/26/2019 10:06:51 am,9.256,23.68,28.05
10/26/2019 10:06:51 am,9.257,23.6,28.38
10/26/2019 10:06:51 am,9.258,23.38,28.57
10/26/2019 10:06:51 am,9.259,23.55,27.92
10/26/2019 10:06:51 am,9.26,23.57,28.64
10/26/2019 10:06:51 am,9.261000000000001,24.19,28.21
10/26/2019 10:06:51 am,9.262,24.25,28.75
10/26/2019 10:06:51 am,9.263,23.93,29.05
10/26/2019 10:06:51 am,9.264,24.57,28.67
10/26/2019 10:06:51 am,9.265,24.3,29.21
10/26/2019 10:06:51 am,9.266,24.63,28.75
10/26/2019 10:06:51 am,9.267000000000001,24.68,28.65
10/26/2019 10:06:51 am,9.267999999999999,24.76,29.21
10/26/2019 10:06:51 am,9.269,24.63,29.02
10/26/2019 10:06:51 am,9.27,25.25,29.29
10/26/2019 10:06:51 am,9.271,24.87,29.34
10/26/2019 10:06:51 am,9.272,25.12,29.4
10/26/2019 10:06:51 am,9.273,25.66,29.67
10/26/2019 10:06:51 am,9.274,25.63,29.5
10/26/2019 10:06:51 am,9.275,25.52,29.94
10/26/2019 10:06:51 am,9.276,25.93,30.02
10/26/2019 10:06:51 am,9.277000000000001,26.01,30.1
10/26/2019 10:06:51 am,9.277999999999999,26.25,30.37
10/26/2019 10:06:51 am,9.279,26.66,30.4
10/26/2019 10:06:51 am,9.28,26.52,30.26
10/26/2019 10:06:51 am,9.281,26.58,30.2
10/26/2019 10:06:51 am,9.282,27.33,30.5
10/26/2019 10:06:51 am,9.283,26.74,30.53
10/26/2019 10:06:51 am,9.283999999999999,27.25,30.74
10/26/2019 10:06:51 am,9.285,27.2,31.03
10/26/2019 10:06:51 am,9.286,27.25,31.12
10/26/2019 10:06:51 am,9.287,27.25,31.01
10/26/2019 10:06:51 am,9.288,27.15,31.9
10/26/2019 10:06:51 am,9.289,28.17,32.09
10/26/2019 10:06:51 am,9.29,27.28,32.39
10/26/2019 10:06:51 am,9.291,28.12,32.28
10/26/2019 10:06:51 am,9.292,28.69,32.3
10/26/2019 10:06:51 am,9.293,28.09,32.65
10/26/2019 10:06:51 am,9.294,28.5,33.11
10/26/2019 10:06:51 am,9.295,28.5,33.65
10/26/2019 10:06:51 am,9.296,28.77,33.27
10/26/2019 10:06:51 am,9.297,28.74,33.3
10/26/2019 10:06:51 am,9.298,28.98,33.43
10/26/2019 10:06:51 am,9.299,29.07,34.08
10/26/2019 10:06:51 am,9.3,29.61,34.08
10/26/2019 10:06:51 am,9.301,30.01,33.81
10/26/2019 10:06:51 am,9.302,29.8,34.11
10/26/2019 10:06:51 am,9.302999999999999,30.01,34.34
10/26/2019 10:06:51 am,9.304,30.09,34.72
10/26/2019 10:06:51 am,9.305,30.12,34.73
10/26/2019 10:06:51 am,9.306000000000001,30.96,35.24
10/26/2019 10:06:51 am,9.307,30.69,35.29
10/26/2019 10:06:51 am,9.308,31.01,35.56
10/26/2019 10:06:51 am,9.309,31.12,35.64
10/26/2019 10:06:51 am,9.31,31.18,35.97
10/26/2019 10:06:51 am,9.311,30.99,36.39
10/26/2019 10:06:51 am,9.312000000000001,31.88,36.07
10/26/2019 10:06:51 am,9.312999999999999,31.77,36.58
10/26/2019 10:06:51 am,9.314,32.23,36.96
10/26/2019 10:06:51 am,9.315,32.12,37.26
10/26/2019 10:06:51 am,9.316,32.02,37.36
10/26/2019 10:06:51 am,9.317,32.26,37.47
10/26/2019 10:06:51 am,9.318,32.64,37.85
10/26/2019 10:06:51 am,9.318999999999999,32.77,37.66
10/26/2019 10:06:51 am,9.32,32.56,38.2
10/26/2019 10:06:51 am,9.321,33.07,38.55
10/26/2019 10:06:51 am,9.322000000000001,33.39,38.38
10/26/2019 10:06:51 am,9.323,33.18,38.41
10/26/2019 10:06:51 am,9.324,33.53,38.81
10/26/2019 10:06:51 am,9.325,33.99,39.14
10/26/2019 10:06:51 am,9.326,33.96,39.03
10/26/2019 10:06:51 am,9.327,33.86,38.89
10/26/2019 10:06:51 am,9.328,34.23,39.68
10/26/2019 10:06:51 am,9.329,34.48,40.03
10/26/2019 10:06:51 am,9.33,34.58,40.02
10/26/2019 10:06:51 am,9.331,34.72,40.16
10/26/2019 10:06:51 am,9.332,35.02,40.24
10/26/2019 10:06:51 am,9.333,35.05,40.73
10/26/2019 10:06:51 am,9.334,35.31,40.78
10/26/2019 10:06:51 am,9.335,35.42,40.75
10/26/2019 10:06:51 am,9.336,35.5,40.77
10/26/2019 10:06:51 am,9.337,35.59,41.05
10/26/2019 10:06:51 am,9.338,35.56,41.45
10/26/2019 10:06:51 am,9.339,35.34,41.56
10/26/2019 10:06:51 am,9.34,36.13,41.75
10/26/2019 10:06:51 am,9.341000000000001,35.96,42.01
10/26/2019 10:06:51 am,9.342,36.21,41.85
10/26/2019 10:06:51 am,9.343,36.51,41.64
10/26/2019 10:06:51 am,9.344,36.56,41.69
10/26/2019 10:06:51 am,9.345,36.75,42.39
10/26/2019 10:06:51 am,9.346,37.1,42.52
10/26/2019 10:06:51 am,9.347000000000001,36.64,42.64
10/26/2019 10:06:51 am,9.347999999999999,37.4,42.72
10/26/2019 10:06:51 am,9.349,36.77,42.96
10/26/2019 10:06:51 am,9.35,37.26,42.93
10/26/2019 10:06:51 am,9.351,37.24,43.04
10/26/2019 10:06:51 am,9.352,36.97,43.28
10/26/2019 10:06:51 am,9.353,37.32,43.47
10/26/2019 10:06:51 am,9.354,37.45,43.38
10/26/2019 10:06:51 am,9.355,37.42,43.85
10/26/2019 10:06:51 am,9.356,37.91,43.47
10/26/2019 10:06:51 am,9.357000000000001,37.89,43.39
10/26/2019 10:06:51 am,9.357999999999999,37.97,43.98
10/26/2019 10:06:51 am,9.359,38.18,44.11
10/26/2019 10:06:51 am,9.36,38.48,43.87
10/26/2019 10:06:51 am,9.361,38.78,44.62
10/26/2019 10:06:51 am,9.362,38.24,44.22
10/26/2019 10:06:51 am,9.363,39.1,44.44
10/26/2019 10:06:51 am,9.363999999999999,39.1,44.36
10/26/2019 10:06:51 am,9.365,38.72,44.79
10/26/2019 10:06:51 am,9.366,39.24,44.27
10/26/2019 10:06:51 am,9.367,38.72,44.79
10/26/2019 10:06:51 am,9.368,39.02,44.51
10/26/2019 10:06:51 am,9.369,39.37,44.9
10/26/2019 10:06:51 am,9.37,39.21,45.03
10/26/2019 10:06:51 am,9.371,39.81,44.89
10/26/2019 10:06:51 am,9.372,39.78,44.54
10/26/2019 10:06:51 am,9.373,39.56,45.35
10/26/2019 10:06:51 am,9.374,40.02,45.54
10/26/2019 10:06:51 am,9.375,40.54,45.4
10/26/2019 10:06:51 am,9.376,40.32,45.19
10/26/2019 10:06:51 am,9.377,40.27,45.17
10/26/2019 10:06:51 am,9.378,40.38,45.65
10/26/2019 10:06:51 am,9.379,40.32,45.62
10/26/2019 10:06:51 am,9.38,40.57,45.63
10/26/2019 10:06:51 am,9.381,41.05,45.78
10/26/2019 10:06:51 am,9.382,41.0,45.92
10/26/2019 10:06:51 am,9.383,41.51,46.06
10/26/2019 10:06:51 am,9.384,41.35,46.49
10/26/2019 10:06:51 am,9.385,41.59,45.89
10/26/2019 10:06:51 am,9.386000000000001,41.24,46.19
10/26/2019 10:06:51 am,9.387,42.11,46.11
10/26/2019 10:06:51 am,9.388,41.86,46.6
10/26/2019 10:06:51 am,9.389,42.21,46.89
10/26/2019 10:06:51 am,9.39,42.51,46.41
10/26/2019 10:06:51 am,9.391,42.27,46.67
10/26/2019 10:06:51 am,9.392000000000001,42.78,47.0
10/26/2019 10:06:51 am,9.392999999999999,42.89,47.16
10/26/2019 10:06:51 am,9.394,42.97,47.0
10/26/2019 10:06:51 am,9.395,42.65,47.16
10/26/2019 10:06:51 am,9.396,43.08,47.03
10/26/2019 10:06:51 am,9.397,43.16,47.32
10/26/2019 10:06:51 am,9.398,43.67,47.48
10/26/2019 10:06:51 am,9.399,43.19,47.78
10/26/2019 10:06:51 am,9.4,43.76,47.56
10/26/2019 10:06:51 am,9.401,43.38,47.78
10/26/2019 10:06:51 am,9.402000000000001,43.98,48.21
10/26/2019 10:06:51 am,9.402999999999999,43.68,48.16
10/26/2019 10:06:51 am,9.404,44.03,48.13
10/26/2019 10:06:51 am,9.405,44.65,48.48
10/26/2019 10:06:51 am,9.406,44.41,48.56
10/26/2019 10:06:51 am,9.407,44.76,48.23
10/26/2019 10:06:51 am,9.408,44.81,49.13
10/26/2019 10:06:51 am,9.408999999999999,44.57,48.96
10/26/2019 10:06:51 am,9.41,44.89,49.83
10/26/2019 10:06:51 am,9.411,45.63,49.64
10/26/2019 10:06:51 am,9.412,45.57,50.02
10/26/2019 10:06:51 am,9.413,45.81,49.53
10/26/2019 10:06:51 am,9.414,45.95,49.8
10/26/2019 10:06:51 am,9.415,45.92,50.5
10/26/2019 10:06:51 am,9.416,46.14,50.48
10/26/2019 10:06:51 am,9.417,46.25,50.58
10/26/2019 10:06:51 am,9.418,46.19,51.07
10/26/2019 10:06:51 am,9.419,46.87,51.12
10/26/2019 10:06:51 am,9.42,46.9,50.87
10/26/2019 10:06:51 am,9.421,46.63,51.36
10/26/2019 10:06:51 am,9.422,46.49,51.77
10/26/2019 10:06:51 am,9.423,47.01,51.71
10/26/2019 10:06:51 am,9.424,47.17,52.01
10/26/2019 10:06:51 am,9.425,47.49,52.55
10/26/2019 10:06:51 am,9.426,47.68,52.33
10/26/2019 10:06:51 am,9.427,48.01,52.74
10/26/2019 10:06:51 am,9.427999999999999,47.98,53.04
10/26/2019 10:06:51 am,9.429,47.6,53.22
10/26/2019 10:06:51 am,9.43,48.44,53.09
10/26/2019 10:06:51 am,9.431000000000001,48.55,53.57
10/26/2019 10:06:51 am,9.432,48.55,53.54
10/26/2019 10:06:51 am,9.433,49.41,53.81
10/26/2019 10:06:51 am,9.434,49.03,54.33
10/26/2019 10:06:51 am,9.435,49.66,54.65
10/26/2019 10:06:51 am,9.436,50.03,54.7
10/26/2019 10:06:51 am,9.437000000000001,49.63,55.32
10/26/2019 10:06:51 am,9.437999999999999,49.85,55.35
10/26/2019 10:06:51 am,9.439,50.01,55.54
10/26/2019 10:06:51 am,9.44,50.55,55.94
10/26/2019 10:06:51 am,9.441,50.5,55.92
10/26/2019 10:06:51 am,9.442,50.77,56.15
10/26/2019 10:06:51 am,9.443,51.12,56.37
10/26/2019 10:06:51 am,9.443999999999999,51.9,56.59
10/26/2019 10:06:51 am,9.445,51.85,56.75
10/26/2019 10:06:51 am,9.446,52.17,57.7
10/26/2019 10:06:51 am,9.447000000000001,52.09,57.42
10/26/2019 10:06:51 am,9.448,52.52,58.04
10/26/2019 10:06:51 am,9.449,53.01,58.13
10/26/2019 10:06:51 am,9.45,52.93,58.04
10/26/2019 10:06:51 am,9.451,53.23,58.69
10/26/2019 10:06:51 am,9.452,53.31,59.34
10/26/2019 10:06:51 am,9.453,53.9,58.88
10/26/2019 10:06:51 am,9.454,53.77,59.69
10/26/2019 10:06:51 am,9.455,54.23,59.8
10/26/2019 10:06:51 am,9.456,54.29,60.71
10/26/2019 10:06:51 am,9.457,55.34,60.69
10/26/2019 10:06:51 am,9.458,55.42,60.85
10/26/2019 10:06:51 am,9.459,55.15,61.09
10/26/2019 10:06:51 am,9.46,55.88,61.79
10/26/2019 10:06:51 am,9.461,55.83,61.44
10/26/2019 10:06:51 am,9.462,56.1,62.06
10/26/2019 10:06:51 am,9.463,56.53,62.68
10/26/2019 10:06:51 am,9.464,56.85,63.08
10/26/2019 10:06:51 am,9.465,57.21,63.19
10/26/2019 10:06:51 am,9.466000000000001,57.42,63.81
10/26/2019 10:06:51 am,9.467,57.77,63.76
10/26/2019 10:06:51 am,9.468,58.04,64.32
10/26/2019 10:06:51 am,9.469,57.99,64.67
10/26/2019 10:06:51 am,9.47,58.78,64.75
10/26/2019 10:06:51 am,9.471,59.1,65.08
10/26/2019 10:06:51 am,9.472000000000001,59.4,65.45
10/26/2019 10:06:51 am,9.472999999999999,59.4,65.24
10/26/2019 10:06:51 am,9.474,59.94,65.86
10/26/2019 10:06:51 am,9.475,60.51,66.47
10/26/2019 10:06:51 am,9.476,60.48,66.75
10/26/2019 10:06:51 am,9.477,60.67,67.67
10/26/2019 10:06:51 am,9.478,61.45,67.83
10/26/2019 10:06:51 am,9.479,61.4,67.58
10/26/2019 10:06:51 am,9.48,61.97,67.93
10/26/2019 10:06:51 am,9.481,61.83,68.3
10/26/2019 10:06:51 am,9.482000000000001,62.78,68.66
10/26/2019 10:06:51 am,9.482999999999999,62.86,69.23
10/26/2019 10:06:51 am,9.484,63.43,69.55
10/26/2019 10:06:51 am,9.485,63.86,70.33
10/26/2019 10:06:51 am,9.486,64.37,70.06
10/26/2019 10:06:51 am,9.487,64.75,70.87
10/26/2019 10:06:51 am,9.488,65.13,71.11
10/26/2019 10:06:51 am,9.488999999999999,65.7,71.44
10/26/2019 10:06:51 am,9.49,65.78,71.54
10/26/2019 10:06:51 am,9.491,65.97,72.46
10/26/2019 10:06:51 am,9.492,65.84,72.08
10/26/2019 10:06:51 am,9.493,66.81,72.86
10/26/2019 10:06:51 am,9.494,66.7,73.16
10/26/2019 10:06:51 am,9.495,68.03,73.32
10/26/2019 10:06:51 am,9.496,68.21,73.73
10/26/2019 10:06:51 am,9.497,68.43,74.32
10/26/2019 10:06:51 am,9.498,69.0,74.64
10/26/2019 10:06:51 am,9.499,69.41,74.88
10/26/2019 10:06:51 am,9.5,69.78,75.31
10/26/2019 10:06:51 am,9.501,70.46,75.31
10/26/2019 10:06:51 am,9.502,70.89,75.47
10/26/2019 10:06:51 am,9.503,70.92,76.01
10/26/2019 10:06:51 am,9.504,71.65,76.79
10/26/2019 10:06:51 am,9.505,72.25,77.2
10/26/2019 10:06:51 am,9.506,72.49,76.76
10/26/2019 10:06:51 am,9.507,72.81,77.57
10/26/2019 10:06:51 am,9.508,73.79,78.85
10/26/2019 10:06:51 am,9.509,74.3,78.44
10/26/2019 10:06:51 am,9.51,75.0,79.25
10/26/2019 10:06:51 am,9.511000000000001,75.11,79.14
10/26/2019 10:06:51 am,9.512,75.49,79.57
10/26/2019 10:06:51 am,9.513,76.28,80.11
10/26/2019 10:06:51 am,9.514,76.2,80.46
10/26/2019 10:06:51 am,9.515,77.12,80.84
10/26/2019 10:06:51 am,9.516,77.71,81.32
10/26/2019 10:06:51 am,9.517000000000001,77.39,81.51
10/26/2019 10:06:51 am,9.517999999999999,78.68,82.78
10/26/2019 10:06:51 am,9.519,78.87,82.88
10/26/2019 10:06:51 am,9.52,79.25,83.16
10/26/2019 10:06:51 am,9.521,80.33,83.5
10/26/2019 10:06:51 am,9.522,80.31,84.09
10/26/2019 10:06:51 am,9.523,80.93,84.77
10/26/2019 10:06:51 am,9.524,81.42,84.82
10/26/2019 10:06:51 am,9.525,82.36,85.31
10/26/2019 10:06:51 am,9.526,82.12,85.63
10/26/2019 10:06:51 am,9.527000000000001,82.55,86.33
10/26/2019 10:06:51 am,9.527999999999999,83.07,87.03
10/26/2019 10:06:51 am,9.529,83.85,87.9
10/26/2019 10:06:51 am,9.53,83.82,88.13
10/26/2019 10:06:51 am,9.531,84.61,88.78
10/26/2019 10:06:51 am,9.532,85.28,89.35
10/26/2019 10:06:51 am,9.533,85.5,89.97
10/26/2019 10:06:51 am,9.533999999999999,86.18,90.26
10/26/2019 10:06:51 am,9.535,86.34,91.29
10/26/2019 10:06:51 am,9.536,87.04,91.93
10/26/2019 10:06:51 am,9.537,87.8,92.36
10/26/2019 10:06:51 am,9.538,88.18,93.27
10/26/2019 10:06:51 am,9.539,88.47,93.68
10/26/2019 10:06:51 am,9.54,89.61,94.19
10/26/2019 10:06:51 am,9.541,89.75,94.92
10/26/2019 10:06:51 am,9.542,90.04,96.0
10/26/2019 10:06:51 am,9.543,90.69,95.94
10/26/2019 10:06:51 am,9.544,91.45,97.42
10/26/2019 10:06:51 am,9.545,92.05,98.18
10/26/2019 10:06:51 am,9.546,92.96,98.12
10/26/2019 10:06:51 am,9.547,93.56,99.17
10/26/2019 10:06:51 am,9.548,93.88,99.76
10/26/2019 10:06:51 am,9.549,94.86,100.3
10/26/2019 10:06:51 am,9.55,95.53,101.62
10/26/2019 10:06:51 am,9.551,95.4,102.05
10/26/2019 10:06:51 am,9.552,96.24,103.24
10/26/2019 10:06:51 am,9.552999999999999,96.89,103.64
10/26/2019 10:06:51 am,9.554,97.81,104.31
10/26/2019 10:06:51 am,9.555,98.35,105.17
10/26/2019 10:06:51 am,9.556000000000001,98.81,105.92
10/26/2019 10:06:51 am,9.557,99.65,106.57
10/26/2019 10:06:51 am,9.558,99.89,107.62
10/26/2019 10:06:51 am,9.559,101.11,108.27
10/26/2019 10:06:51 am,9.56,101.32,108.91
10/26/2019 10:06:51 am,9.561,102.7,109.88
10/26/2019 10:06:51 am,9.562000000000001,103.48,110.61
10/26/2019 10:06:51 am,9.562999999999999,103.46,110.87
10/26/2019 10:06:51 am,9.564,104.38,112.03
10/26/2019 10:06:51 am,9.565,105.48,112.71
10/26/2019 10:06:51 am,9.566,106.19,113.62
10/26/2019 10:06:51 am,9.567,107.03,114.43
10/26/2019 10:06:51 am,9.568,107.32,114.4
10/26/2019 10:06:51 am,9.568999999999999,108.14,115.48
10/26/2019 10:06:51 am,9.57,109.11,116.15
10/26/2019 10:06:51 am,9.571,110.44,117.04
10/26/2019 10:06:51 am,9.572000000000001,110.73,117.71
10/26/2019 10:06:51 am,9.573,111.79,118.42
10/26/2019 10:06:51 am,9.574,112.46,118.85
10/26/2019 10:06:51 am,9.575,113.41,119.38
10/26/2019 10:06:51 am,9.576,113.84,119.84
10/26/2019 10:06:51 am,9.577,114.63,121.16
10/26/2019 10:06:51 am,9.578,115.74,121.43
10/26/2019 10:06:51 am,9.579,116.12,122.18
10/26/2019 10:06:51 am,9.58,117.31,122.48
10/26/2019 10:06:51 am,9.581,118.17,123.13
10/26/2019 10:06:51 am,9.582,118.39,123.26
10/26/2019 10:06:51 am,9.583,119.01,124.28
10/26/2019 10:06:51 am,9.584,120.42,124.44
10/26/2019 10:06:51 am,9.585,120.79,124.74
10/26/2019 10:06:51 am,9.586,122.12,124.87
10/26/2019 10:06:51 am,9.587,122.53,125.62
10/26/2019 10:06:51 am,9.588,123.01,125.78
10/26/2019 10:06:51 am,9.589,123.82,126.62
10/26/2019 10:06:51 am,9.59,124.45,127.24
10/26/2019 10:06:51 am,9.591000000000001,124.8,127.05
10/26/2019 10:06:51 am,9.592,125.34,127.22
10/26/2019 10:06:51 am,9.593,125.99,127.72
10/26/2019 10:06:51 am,9.594,126.72,128.67
10/26/2019 10:06:51 am,9.595,127.72,128.7
10/26/2019 10:06:51 am,9.596,127.64,129.26
10/26/2019 10:06:51 am,9.597000000000001,128.34,129.26
10/26/2019 10:06:51 am,9.597999999999999,128.61,130.12
10/26/2019 10:06:51 am,9.599,129.64,130.74
10/26/2019 10:06:51 am,9.6,130.47,130.98
10/26/2019 10:06:51 am,9.601,130.53,131.34
10/26/2019 10:06:51 am,9.602,130.91,131.82
10/26/2019 10:06:51 am,9.603,132.07,132.38
10/26/2019 10:06:51 am,9.604,132.45,133.24
10/26/2019 10:06:51 am,9.605,133.18,133.52
10/26/2019 10:06:51 am,9.606,133.29,133.68
10/26/2019 10:06:51 am,9.607000000000001,133.94,134.32
10/26/2019 10:06:51 am,9.607999999999999,134.48,135.1
10/26/2019 10:06:51 am,9.609,135.05,135.37
10/26/2019 10:06:51 am,9.61,135.37,136.67
10/26/2019 10:06:51 am,9.611,136.29,136.88
10/26/2019 10:06:51 am,9.612,137.1,136.87
10/26/2019 10:06:51 am,9.613,137.34,138.25
10/26/2019 10:06:51 am,9.613999999999999,138.53,138.84
10/26/2019 10:06:51 am,9.615,138.94,139.08
10/26/2019 10:06:51 am,9.616,139.78,139.54
10/26/2019 10:06:51 am,9.617,139.89,140.92
10/26/2019 10:06:51 am,9.618,140.94,141.51
10/26/2019 10:06:51 am,9.619,141.56,142.29
10/26/2019 10:06:51 am,9.62,142.43,142.53
10/26/2019 10:06:51 am,9.621,143.29,143.42
10/26/2019 10:06:51 am,9.622,143.59,144.47
10/26/2019 10:06:51 am,9.623,144.67,145.09
10/26/2019 10:06:51 am,9.624,145.92,145.95
10/26/2019 10:06:51 am,9.625,146.24,147.03
10/26/2019 10:06:51 am,9.626,146.81,147.23
10/26/2019 10:06:51 am,9.627,148.02,148.53
10/26/2019 10:06:51 am,9.628,148.65,149.42
10/26/2019 10:06:51 am,9.629,149.6,149.82
10/26/2019 10:06:51 am,9.63,150.4,150.92
10/26/2019 10:06:51 am,9.631,150.87,151.76
10/26/2019 10:06:51 am,9.632,152.0,151.92
10/26/2019 10:06:51 am,9.633,152.51,152.89
10/26/2019 10:06:51 am,9.634,153.54,153.23
10/26/2019 10:06:51 am,9.635,154.03,154.75
10/26/2019 10:06:51 am,9.636000000000001,154.97,155.39
10/26/2019 10:06:51 am,9.637,156.06,156.11
10/26/2019 10:06:51 am,9.638,156.22,156.73
10/26/2019 10:06:51 am,9.639,157.68,157.16
10/26/2019 10:06:51 am,9.64,158.6,158.16
10/26/2019 10:06:51 am,9.641,159.98,158.97
10/26/2019 10:06:51 am,9.642000000000001,161.17,159.42
10/26/2019 10:06:51 am,9.642999999999999,161.87,160.69
10/26/2019 10:06:51 am,9.644,162.55,161.47
10/26/2019 10:06:51 am,9.645,163.11,161.74
10/26/2019 10:06:51 am,9.646,163.82,162.92
10/26/2019 10:06:51 am,9.647,164.36,163.33
10/26/2019 10:06:51 am,9.648,165.01,163.84
10/26/2019 10:06:51 am,9.649,165.95,164.02
10/26/2019 10:06:51 am,9.65,166.55,164.88
10/26/2019 10:06:51 am,9.651,167.09,165.64
10/26/2019 10:06:51 am,9.652000000000001,167.98,165.99
10/26/2019 10:06:51 am,9.652999999999999,168.6,166.95
10/26/2019 10:06:51 am,9.654,168.85,167.38
10/26/2019 10:06:51 am,9.655,169.77,167.87
10/26/2019 10:06:51 am,9.656,170.49,168.89
10/26/2019 10:06:51 am,9.657,170.79,169.24
10/26/2019 10:06:51 am,9.658,171.41,169.83
10/26/2019 10:06:51 am,9.658999999999999,171.74,169.99
10/26/2019 10:06:51 am,9.66,172.09,170.45
10/26/2019 10:06:51 am,9.661,172.58,171.23
10/26/2019 10:06:51 am,9.662,172.6,171.82
10/26/2019 10:06:51 am,9.663,173.15,172.2
10/26/2019 10:06:51 am,9.664,173.33,172.65
10/26/2019 10:06:51 am,9.665,173.82,172.92
10/26/2019 10:06:51 am,9.666,173.74,173.32
10/26/2019 10:06:51 am,9.667,174.6,174.19
10/26/2019 10:06:51 am,9.668,174.93,174.43
10/26/2019 10:06:51 am,9.669,175.2,175.29
10/26/2019 10:06:51 am,9.67,175.52,175.37
10/26/2019 10:06:51 am,9.671,175.42,175.88
10/26/2019 10:06:51 am,9.672,175.82,175.91
10/26/2019 10:06:51 am,9.673,175.58,176.9
10/26/2019 10:06:51 am,9.674,175.76,176.98
10/26/2019 10:06:51 am,9.675,176.01,177.57
10/26/2019 10:06:51 am,9.676,176.52,177.65
10/26/2019 10:06:51 am,9.677,176.44,178.06
10/26/2019 10:06:51 am,9.677999999999999,176.74,178.54
10/26/2019 10:06:51 am,9.679,177.01,179.1
10/26/2019 10:06:51 am,9.68,177.17,179.78
10/26/2019 10:06:51 am,9.681000000000001,176.98,180.13
10/26/2019 10:06:51 am,9.682,177.66,181.01
10/26/2019 10:06:51 am,9.683,177.71,180.96
10/26/2019 10:06:51 am,9.684,177.49,181.55
10/26/2019 10:06:51 am,9.685,178.44,181.79
10/26/2019 10:06:51 am,9.686,178.28,182.44
10/26/2019 10:06:51 am,9.687000000000001,178.38,182.54
10/26/2019 10:06:51 am,9.687999999999999,178.57,182.94
10/26/2019 10:06:51 am,9.689,179.11,183.43
10/26/2019 10:06:51 am,9.69,179.11,184.43
10/26/2019 10:06:51 am,9.691,179.44,184.86
10/26/2019 10:06:51 am,9.692,179.36,184.91
10/26/2019 10:06:51 am,9.693,179.76,185.85
10/26/2019 10:06:51 am,9.693999999999999,179.3,185.93
10/26/2019 10:06:51 am,9.695,180.09,186.2
10/26/2019 10:06:51 am,9.696,180.44,186.95
10/26/2019 10:06:51 am,9.697000000000001,180.52,187.31
10/26/2019 10:06:51 am,9.698,180.63,187.46
10/26/2019 10:06:51 am,9.699,180.71,188.48
10/26/2019 10:06:51 am,9.7,181.22,188.57
10/26/2019 10:06:51 am,9.701,182.06,188.48
10/26/2019 10:06:51 am,9.702,181.55,188.75
10/26/2019 10:06:51 am,9.703,182.44,189.26
10/26/2019 10:06:51 am,9.704,182.57,190.21
10/26/2019 10:06:51 am,9.705,182.55,190.69
10/26/2019 10:06:51 am,9.706,183.41,190.56
10/26/2019 10:06:51 am,9.707,183.14,191.07
10/26/2019 10:06:51 am,9.708,183.71,191.73
10/26/2019 10:06:51 am,9.709,184.03,192.25
10/26/2019 10:06:51 am,9.71,184.49,192.41
10/26/2019 10:06:51 am,9.711,184.66,192.73
10/26/2019 10:06:51 am,9.712,185.3,193.67
10/26/2019 10:06:51 am,9.713,185.63,193.64
10/26/2019 10:06:51 am,9.714,185.98,194.08
10/26/2019 10:06:51 am,9.715,186.3,194.78
10/26/2019 10:06:51 am,9.716000000000001,186.6,195.15
10/26/2019 10:06:51 am,9.717,187.14,195.53
10/26/2019 10:06:51 am,9.718,187.17,195.91
10/26/2019 10:06:51 am,9.719,188.23,196.42
10/26/2019 10:06:51 am,9.72,188.6,196.74
10/26/2019 10:06:51 am,9.721,189.36,197.09
10/26/2019 10:06:51 am,9.722000000000001,189.55,197.92
10/26/2019 10:06:51 am,9.722999999999999,190.09,198.19
10/26/2019 10:06:51 am,9.724,190.9,198.51
10/26/2019 10:06:51 am,9.725,190.98,199.75
10/26/2019 10:06:51 am,9.726,191.52,199.94
10/26/2019 10:06:51 am,9.727,192.25,200.59
10/26/2019 10:06:51 am,9.728,192.55,200.99
10/26/2019 10:06:51 am,9.729,193.23,200.77
10/26/2019 10:06:51 am,9.73,193.36,201.63
10/26/2019 10:06:51 am,9.731,193.82,202.93
10/26/2019 10:06:51 am,9.732000000000001,194.01,202.85
10/26/2019 10:06:51 am,9.732999999999999,195.04,203.6
10/26/2019 10:06:51 am,9.734,194.28,204.41
10/26/2019 10:06:51 am,9.735,195.34,204.89
10/26/2019 10:06:51 am,9.736,195.58,205.56
10/26/2019 10:06:51 am,9.737,196.34,206.93
10/26/2019 10:06:51 am,9.738,196.72,207.78
10/26/2019 10:06:51 am,9.738999999999999,197.07,208.48
10/26/2019 10:06:51 am,9.74,197.69,208.61
10/26/2019 10:06:51 am,9.741,198.09,209.21
10/26/2019 10:06:51 am,9.742,197.77,209.99
10/26/2019 10:06:51 am,9.743,197.85,210.12
10/26/2019 10:06:51 am,9.744,197.74,209.94
10/26/2019 10:06:51 am,9.745,197.5,210.59
10/26/2019 10:06:51 am,9.746,197.56,211.1
10/26/2019 10:06:51 am,9.747,197.64,211.72
10/26/2019 10:06:51 am,9.748,198.53,212.31
10/26/2019 10:06:51 am,9.749,199.12,213.03
10/26/2019 10:06:51 am,9.75,200.07,214.61
10/26/2019 10:06:51 am,9.751,200.31,216.44
10/26/2019 10:06:51 am,9.752,201.47,217.24
10/26/2019 10:06:51 am,9.753,201.93,218.44
10/26/2019 10:06:51 am,9.754,202.72,218.71
10/26/2019 10:06:51 am,9.755,202.91,220.16
10/26/2019 10:06:51 am,9.756,203.45,220.52
10/26/2019 10:06:51 am,9.757,203.28,221.11
10/26/2019 10:06:51 am,9.758,203.69,220.98
10/26/2019 10:06:51 am,9.759,204.53,221.74
10/26/2019 10:06:51 am,9.76,204.99,222.32
10/26/2019 10:06:51 am,9.761000000000001,205.74,223.21
10/26/2019 10:06:51 am,9.762,205.91,224.31
10/26/2019 10:06:51 am,9.763,206.96,225.06
10/26/2019 10:06:51 am,9.764,207.26,226.47
10/26/2019 10:06:51 am,9.765,207.18,227.05
10/26/2019 10:06:51 am,9.766,207.78,228.24
10/26/2019 10:06:51 am,9.767000000000001,208.16,229.24
10/26/2019 10:06:51 am,9.767999999999999,208.07,228.88
10/26/2019 10:06:51 am,9.769,207.78,229.37
10/26/2019 10:06:51 am,9.77,208.37,229.54
10/26/2019 10:06:51 am,9.771,208.51,230.54
10/26/2019 10:06:51 am,9.772,208.46,231.08
10/26/2019 10:06:51 am,9.773,208.67,231.23
10/26/2019 10:06:51 am,9.774,209.24,232.47
10/26/2019 10:06:51 am,9.775,209.4,232.76
10/26/2019 10:06:51 am,9.776,210.32,234.25
10/26/2019 10:06:51 am,9.777000000000001,210.73,234.79
10/26/2019 10:06:51 am,9.777999999999999,211.62,235.3
10/26/2019 10:06:51 am,9.779,212.81,236.19
10/26/2019 10:06:51 am,9.78,213.13,237.81
10/26/2019 10:06:51 am,9.781,214.13,238.81
10/26/2019 10:06:51 am,9.782,214.59,238.78
10/26/2019 10:06:51 am,9.783,215.57,240.53
10/26/2019 10:06:51 am,9.783999999999999,216.65,240.98
10/26/2019 10:06:51 am,9.785,217.29,242.18
10/26/2019 10:06:51 am,9.786,217.97,242.61
10/26/2019 10:06:51 am,9.787,217.19,243.47
10/26/2019 10:06:51 am,9.788,217.86,244.28
10/26/2019 10:06:51 am,9.789,218.08,244.74
10/26/2019 10:06:51 am,9.79,218.03,245.45
10/26/2019 10:06:51 am,9.791,219.25,246.2
10/26/2019 10:06:51 am,9.792,219.68,247.2
10/26/2019 10:06:51 am,9.793,220.49,247.6
10/26/2019 10:06:51 am,9.794,220.27,248.17
10/26/2019 10:06:51 am,9.795,221.01,248.79
10/26/2019 10:06:51 am,9.796,221.98,249.57
10/26/2019 10:06:51 am,9.797,221.93,250.3
10/26/2019 10:06:51 am,9.798,222.76,251.51
10/26/2019 10:06:51 am,9.799,223.44,252.21
10/26/2019 10:06:51 am,9.8,224.06,253.02
10/26/2019 10:06:51 am,9.801,224.41,254.19
10/26/2019 10:06:51 am,9.802,225.03,254.89
10/26/2019 10:06:51 am,9.802999999999999,226.2,255.78
10/26/2019 10:06:51 am,9.804,226.93,257.04
10/26/2019 10:06:51 am,9.805,227.52,258.23
10/26/2019 10:06:51 am,9.806000000000001,228.55,258.51
10/26/2019 10:06:51 am,9.807,229.25,259.23
10/26/2019 10:06:51 am,9.808,230.36,260.17
10/26/2019 10:06:51 am,9.809,231.12,261.52
10/26/2019 10:06:51 am,9.81,231.9,262.47
10/26/2019 10:06:51 am,9.811,233.15,263.49
10/26/2019 10:06:51 am,9.812000000000001,234.12,264.74
10/26/2019 10:06:51 am,9.812999999999999,234.93,265.36
10/26/2019 10:06:51 am,9.814,235.85,266.0
10/26/2019 10:06:51 am,9.815,236.77,267.75
10/26/2019 10:06:51 am,9.816,237.85,268.51
10/26/2019 10:06:51 am,9.817,238.26,269.38
10/26/2019 10:06:51 am,9.818,239.83,270.53
10/26/2019 10:06:51 am,9.818999999999999,240.66,271.56
10/26/2019 10:06:51 am,9.82,241.15,272.75
10/26/2019 10:06:51 am,9.821,242.07,273.27
10/26/2019 10:06:51 am,9.822000000000001,242.83,274.24
10/26/2019 10:06:51 am,9.823,243.54,275.24
10/26/2019 10:06:51 am,9.824,244.59,276.69
10/26/2019 10:06:51 am,9.825,245.1,277.34
10/26/2019 10:06:51 am,9.826,246.08,278.77
10/26/2019 10:06:51 am,9.827,247.11,279.77
10/26/2019 10:06:51 am,9.828,248.76,280.53
10/26/2019 10:06:51 am,9.829,249.43,281.74
10/26/2019 10:06:51 am,9.83,250.67,283.25
10/26/2019 10:06:51 am,9.831,251.32,284.03
10/26/2019 10:06:51 am,9.832,253.03,285.39
10/26/2019 10:06:51 am,9.833,254.11,286.63
10/26/2019 10:06:51 am,9.834,254.79,288.14
10/26/2019 10:06:51 am,9.835,255.57,289.25
10/26/2019 10:06:51 am,9.836,256.57,290.52
10/26/2019 10:06:51 am,9.837,257.9,292.16
10/26/2019 10:06:51 am,9.838,258.49,293.68
10/26/2019 10:06:51 am,9.839,258.98,294.27
10/26/2019 10:06:51 am,9.84,260.22,296.51
10/26/2019 10:06:51 am,9.841000000000001,261.01,297.65
10/26/2019 10:06:51 am,9.842,261.82,299.19
10/26/2019 10:06:51 am,9.843,262.82,300.89
10/26/2019 10:06:51 am,9.844,263.5,302.13
10/26/2019 10:06:51 am,9.845,264.12,303.51
10/26/2019 10:06:51 am,9.846,265.18,305.16
10/26/2019 10:06:51 am,9.847000000000001,265.72,306.67
10/26/2019 10:06:51 am,9.847999999999999,266.55,308.32
10/26/2019 10:06:51 am,9.849,267.58,309.85
10/26/2019 10:06:51 am,9.85,268.23,311.04
10/26/2019 10:06:51 am,9.851,269.13,313.39
10/26/2019 10:06:51 am,9.852,270.29,315.34
10/26/2019 10:06:51 am,9.853,271.4,316.33
10/26/2019 10:06:51 am,9.854,272.31,318.39
10/26/2019 10:06:51 am,9.855,273.21,320.17
10/26/2019 10:06:51 am,9.856,274.02,321.65
10/26/2019 10:06:51 am,9.857000000000001,275.13,324.06
10/26/2019 10:06:51 am,9.857999999999999,276.51,326.05
10/26/2019 10:06:51 am,9.859,277.07,327.57
10/26/2019 10:06:51 am,9.86,278.32,329.24
10/26/2019 10:06:51 am,9.861,279.16,330.97
10/26/2019 10:06:51 am,9.862,279.94,332.86
10/26/2019 10:06:51 am,9.863,281.73,334.78
10/26/2019 10:06:51 am,9.863999999999999,282.57,336.53
10/26/2019 10:06:51 am,9.865,283.76,338.27
10/26/2019 10:06:51 am,9.866,285.03,339.83
10/26/2019 10:06:51 am,9.867,286.87,341.13
10/26/2019 10:06:51 am,9.868,288.25,343.05
10/26/2019 10:06:51 am,9.869,289.22,344.21
10/26/2019 10:06:51 am,9.87,291.14,346.07
10/26/2019 10:06:51 am,9.871,292.25,347.74
10/26/2019 10:06:51 am,9.872,293.47,349.45
10/26/2019 10:06:51 am,9.873,295.33,351.18
10/26/2019 10:06:51 am,9.874,296.58,353.07
10/26/2019 10:06:51 am,9.875,297.66,354.25
10/26/2019 10:06:51 am,9.876,298.69,356.04
10/26/2019 10:06:51 am,9.877,300.28,357.82
10/26/2019 10:06:51 am,9.878,302.23,359.44
10/26/2019 10:06:51 am,9.879,303.55,361.25
10/26/2019 10:06:51 am,9.88,305.15,362.6
10/26/2019 10:06:51 am,9.881,306.69,364.49
10/26/2019 10:06:51 am,9.882,308.53,366.35
10/26/2019 10:06:51 am,9.883,309.99,367.73
10/26/2019 10:06:51 am,9.884,311.29,369.59
10/26/2019 10:06:51 am,9.885,312.67,370.89
10/26/2019 10:06:51 am,9.886000000000001,314.45,372.49
10/26/2019 10:06:51 am,9.887,315.62,373.97
10/26/2019 10:06:51 am,9.888,317.03,375.32
10/26/2019 10:06:51 am,9.889,318.65,376.67
10/26/2019 10:06:51 am,9.89,319.89,377.85
10/26/2019 10:06:51 am,9.891,321.22,379.78
10/26/2019 10:06:51 am,9.892000000000001,322.73,381.02
10/26/2019 10:06:51 am,9.892999999999999,323.79,382.24
10/26/2019 10:06:51 am,9.894,325.54,383.29
10/26/2019 10:06:51 am,9.895,326.79,384.91
10/26/2019 10:06:51 am,9.896,327.47,385.88
10/26/2019 10:06:51 am,9.897,329.23,387.51
10/26/2019 10:06:51 am,9.898,330.66,388.96
10/26/2019 10:06:51 am,9.899,331.23,389.58
10/26/2019 10:06:51 am,9.9,332.42,391.24
10/26/2019 10:06:51 am,9.901,334.36,391.98
10/26/2019 10:06:51 am,9.902000000000001,334.96,393.39
10/26/2019 10:06:51 am,9.902999999999999,336.53,395.09
10/26/2019 10:06:51 am,9.904,338.34,395.71
10/26/2019 10:06:51 am,9.905,339.15,397.07
10/26/2019 10:06:51 am,9.906,340.93,398.39
10/26/2019 10:06:51 am,9.907,341.69,399.1
10/26/2019 10:06:51 am,9.908,343.34,399.82
10/26/2019 10:06:51 am,9.908999999999999,344.5,401.63
10/26/2019 10:06:51 am,9.91,346.26,402.39
10/26/2019 10:06:51 am,9.911,346.99,403.9
10/26/2019 10:06:51 am,9.912,348.24,404.98
10/26/2019 10:06:51 am,9.913,349.86,406.28
10/26/2019 10:06:51 am,9.914,351.27,406.85
10/26/2019 10:06:51 am,9.915,352.37,407.71
10/26/2019 10:06:51 am,9.916,353.43,409.63
10/26/2019 10:06:51 am,9.917,354.75,410.63
10/26/2019 10:06:51 am,9.918,355.89,411.71
10/26/2019 10:06:51 am,9.919,356.81,412.81
10/26/2019 10:06:51 am,9.92,358.16,412.89
10/26/2019 10:06:51 am,9.921,358.73,414.28
10/26/2019 10:06:51 am,9.922,360.19,415.57
10/26/2019 10:06:51 am,9.923,361.08,416.57
10/26/2019 10:06:51 am,9.924,362.22,417.73
10/26/2019 10:06:51 am,9.925,362.95,418.59
10/26/2019 10:06:51 am,9.926,364.06,419.68
10/26/2019 10:06:51 am,9.927,364.84,421.08
10/26/2019 10:06:51 am,9.927999999999999,365.3,422.08
10/26/2019 10:06:51 am,9.929,366.41,423.43
10/26/2019 10:06:51 am,9.93,367.06,424.04
10/26/2019 10:06:51 am,9.931000000000001,367.82,424.99
10/26/2019 10:06:51 am,9.932,368.41,426.05
10/26/2019 10:06:51 am,9.933,369.36,427.35
10/26/2019 10:06:51 am,9.934,369.9,427.99
10/26/2019 10:06:51 am,9.935,370.47,429.32
10/26/2019 10:06:51 am,9.936,371.17,430.86
10/26/2019 10:06:51 am,9.937000000000001,372.17,431.73
10/26/2019 10:06:51 am,9.937999999999999,372.06,432.7
10/26/2019 10:06:51 am,9.939,372.55,433.1
10/26/2019 10:06:51 am,9.94,373.12,434.72
10/26/2019 10:06:51 am,9.941,373.79,435.61
10/26/2019 10:06:51 am,9.942,374.39,436.23
10/26/2019 10:06:51 am,9.943,374.79,437.58
10/26/2019 10:06:51 am,9.943999999999999,374.98,438.94
10/26/2019 10:06:51 am,9.945,375.09,439.83
10/26/2019 10:06:51 am,9.946,375.63,440.88
10/26/2019 10:06:51 am,9.947000000000001,375.9,441.78
10/26/2019 10:06:51 am,9.948,376.28,443.15
10/26/2019 10:06:51 am,9.949,376.52,443.46
10/26/2019 10:06:51 am,9.95,376.66,444.86
10/26/2019 10:06:51 am,9.951,377.14,445.72
10/26/2019 10:06:51 am,9.952,376.87,446.61
10/26/2019 10:06:51 am,9.953,377.52,448.18
10/26/2019 10:06:51 am,9.954,378.03,448.83
10/26/2019 10:06:51 am,9.955,377.63,449.45
10/26/2019 10:06:51 am,9.956,378.39,450.69
10/26/2019 10:06:51 am,9.957,378.25,451.83
10/26/2019 10:06:51 am,9.958,378.49,452.63
10/26/2019 10:06:51 am,9.959,378.77,453.67
10/26/2019 10:06:51 am,9.96,379.25,454.67
10/26/2019 10:06:51 am,9.961,379.06,455.69
10/26/2019 10:06:51 am,9.962,379.63,456.8
10/26/2019 10:06:51 am,9.963,379.68,457.93
10/26/2019 10:06:51 am,9.964,380.06,458.85
10/26/2019 10:06:51 am,9.965,380.5,459.39
10/26/2019 10:06:51 am,9.966000000000001,380.41,460.61
10/26/2019 10:06:51 am,9.967,380.39,461.34
10/26/2019 10:06:51 am,9.968,380.79,462.29
10/26/2019 10:06:51 am,9.969,380.47,463.36
10/26/2019 10:06:51 am,9.97,381.04,463.93
10/26/2019 10:06:51 am,9.971,380.63,464.23
10/26/2019 10:06:51 am,9.972000000000001,380.9,465.6
10/26/2019 10:06:51 am,9.972999999999999,380.98,466.18
10/26/2019 10:06:51 am,9.974,381.04,466.93
10/26/2019 10:06:51 am,9.975,380.98,467.66
10/26/2019 10:06:51 am,9.976,381.25,468.61
10/26/2019 10:06:51 am,9.977,381.06,468.96
10/26/2019 10:06:51 am,9.978,380.36,470.47
10/26/2019 10:06:51 am,9.979,380.79,470.63
10/26/2019 10:06:51 am,9.98,380.6,471.96
10/26/2019 10:06:51 am,9.981,380.58,472.39
10/26/2019 10:06:51 am,9.982000000000001,380.6,473.23
10/26/2019 10:06:51 am,9.982999999999999,380.33,473.93
10/26/2019 10:06:51 am,9.984,379.68,475.06
10/26/2019 10:06:51 am,9.985,380.01,475.55
10/26/2019 10:06:51 am,9.986,379.3,475.92
10/26/2019 10:06:51 am,9.987,378.92,476.74
10/26/2019 10:06:51 am,9.988,378.6,477.79
10/26/2019 10:06:51 am,9.988999999999999,377.9,478.09
10/26/2019 10:06:51 am,9.99,377.25,478.76
10/26/2019 10:06:51 am,9.991,376.46,479.5
10/26/2019 10:06:51 am,9.992,376.49,480.14
10/26/2019 10:06:51 am,9.993,375.95,480.63
10/26/2019 10:06:51 am,9.994,374.84,481.06
10/26/2019 10:06:51 am,9.995,373.95,481.93
10/26/2019 10:06:51 am,9.996,373.41,482.44
10/26/2019 10:06:51 am,9.997,372.97,483.2
10/26/2019 10:06:51 am,9.998,372.16,483.85
10/26/2019 10:06:51 am,9.999,371.51,484.66
10/26/2019 10:06:52 am,10.0,370.24,485.25
10/26/2019 10:06:52 am,10.001,369.51,485.52
10/26/2019 10:06:52 am,10.002,368.75,485.98
10/26/2019 10:06:52 am,10.003,368.21,486.77
10/26/2019 10:06:52 am,10.004,367.04,487.72
10/26/2019 10:06:52 am,10.005,366.34,488.22
10/26/2019 10:06:52 am,10.006,365.74,488.93
10/26/2019 10:06:52 am,10.007,364.58,489.53
10/26/2019 10:06:52 am,10.008,364.06,490.39
10/26/2019 10:06:52 am,10.009,362.9,490.95
10/26/2019 10:06:52 am,10.01,362.33,491.85
10/26/2019 10:06:52 am,10.011000000000001,361.09,492.53
10/26/2019 10:06:52 am,10.012,360.3,493.53
10/26/2019 10:06:52 am,10.013,359.0,494.01
10/26/2019 10:06:52 am,10.014,358.14,494.82
10/26/2019 10:06:52 am,10.015,357.24,495.6
10/26/2019 10:06:52 am,10.016,355.92,495.95
10/26/2019 10:06:52 am,10.017000000000001,355.05,497.04
10/26/2019 10:06:52 am,10.017999999999999,354.21,498.01
10/26/2019 10:06:52 am,10.019,353.24,498.61
10/26/2019 10:06:52 am,10.02,351.94,499.41
10/26/2019 10:06:52 am,10.021,350.75,499.87
10/26/2019 10:06:52 am,10.022,350.72,500.44
10/26/2019 10:06:52 am,10.023,348.93,500.58
10/26/2019 10:06:52 am,10.024,348.28,501.47
10/26/2019 10:06:52 am,10.025,346.77,502.25
10/26/2019 10:06:52 am,10.026,346.23,502.28
10/26/2019 10:06:52 am,10.027000000000001,345.06,502.95
10/26/2019 10:06:52 am,10.027999999999999,344.11,503.43
10/26/2019 10:06:52 am,10.029,343.38,504.55
10/26/2019 10:06:52 am,10.03,341.71,504.84
10/26/2019 10:06:52 am,10.031,341.03,505.3
10/26/2019 10:06:52 am,10.032,340.05,505.82
10/26/2019 10:06:52 am,10.033,339.05,506.25
10/26/2019 10:06:52 am,10.033999999999999,337.7,507.31
10/26/2019 10:06:52 am,10.035,336.83,507.14
10/26/2019 10:06:52 am,10.036,335.53,507.76
10/26/2019 10:06:52 am,10.037,334.69,508.33
10/26/2019 10:06:52 am,10.038,332.96,508.82
10/26/2019 10:06:52 am,10.039,332.34,509.33
10/26/2019 10:06:52 am,10.04,331.47,509.09
10/26/2019 10:06:52 am,10.041,329.88,510.06
10/26/2019 10:06:52 am,10.042,329.09,510.09
10/26/2019 10:06:52 am,10.043,327.93,510.36
10/26/2019 10:06:52 am,10.044,326.84,510.62
10/26/2019 10:06:52 am,10.045,325.49,510.9
10/26/2019 10:06:52 am,10.046,324.52,511.41
10/26/2019 10:06:52 am,10.047,323.38,511.44
10/26/2019 10:06:52 am,10.048,322.25,511.71
10/26/2019 10:06:52 am,10.049,320.89,511.84
10/26/2019 10:06:52 am,10.05,319.38,512.33
10/26/2019 10:06:52 am,10.051,318.81,512.68
10/26/2019 10:06:52 am,10.052,317.91,512.55
10/26/2019 10:06:52 am,10.052999999999999,316.64,513.0
10/26/2019 10:06:52 am,10.054,315.29,513.14
10/26/2019 10:06:52 am,10.055,314.34,513.74
10/26/2019 10:06:52 am,10.056000000000001,312.66,513.66
10/26/2019 10:06:52 am,10.057,312.01,514.17
10/26/2019 10:06:52 am,10.058,310.93,514.44
10/26/2019 10:06:52 am,10.059,309.71,514.27
10/26/2019 10:06:52 am,10.06,308.82,515.58
10/26/2019 10:06:52 am,10.061,307.87,515.68
10/26/2019 10:06:52 am,10.062000000000001,306.57,516.14
10/26/2019 10:06:52 am,10.062999999999999,305.74,516.15
10/26/2019 10:06:52 am,10.064,304.44,516.44
10/26/2019 10:06:52 am,10.065,303.43,516.85
10/26/2019 10:06:52 am,10.066,302.89,516.9
10/26/2019 10:06:52 am,10.067,301.41,517.42
10/26/2019 10:06:52 am,10.068,300.65,517.79
10/26/2019 10:06:52 am,10.068999999999999,299.37,517.69
10/26/2019 10:06:52 am,10.07,299.05,518.95
10/26/2019 10:06:52 am,10.071,297.83,518.9
10/26/2019 10:06:52 am,10.072000000000001,297.1,519.3
10/26/2019 10:06:52 am,10.073,296.48,519.63
10/26/2019 10:06:52 am,10.074,295.37,519.46
10/26/2019 10:06:52 am,10.075,294.59,520.22
10/26/2019 10:06:52 am,10.076,294.1,520.35
10/26/2019 10:06:52 am,10.077,292.8,520.47
10/26/2019 10:06:52 am,10.078,292.72,520.36
10/26/2019 10:06:52 am,10.079,292.1,520.25
10/26/2019 10:06:52 am,10.08,291.51,520.22
10/26/2019 10:06:52 am,10.081,290.56,520.25
10/26/2019 10:06:52 am,10.082,290.48,519.81
10/26/2019 10:06:52 am,10.083,290.42,519.82
10/26/2019 10:06:52 am,10.084,289.42,519.62
10/26/2019 10:06:52 am,10.085,289.28,519.65
10/26/2019 10:06:52 am,10.086,288.64,519.54
10/26/2019 10:06:52 am,10.087,288.34,519.11
10/26/2019 10:06:52 am,10.088,288.1,519.22
10/26/2019 10:06:52 am,10.089,287.96,518.95
10/26/2019 10:06:52 am,10.09,287.69,517.95
10/26/2019 10:06:52 am,10.091000000000001,287.37,517.73
10/26/2019 10:06:52 am,10.092,286.85,517.3
10/26/2019 10:06:52 am,10.093,286.53,517.16
10/26/2019 10:06:52 am,10.094,286.74,516.71
10/26/2019 10:06:52 am,10.095,286.31,516.52
10/26/2019 10:06:52 am,10.096,286.53,515.9
10/26/2019 10:06:52 am,10.097000000000001,286.23,515.05
10/26/2019 10:06:52 am,10.097999999999999,286.72,514.81
10/26/2019 10:06:52 am,10.099,286.85,514.13
10/26/2019 10:06:52 am,10.1,287.1,513.49
10/26/2019 10:06:52 am,10.101,287.48,512.89
10/26/2019 10:06:52 am,10.102,287.8,511.87
10/26/2019 10:06:52 am,10.103,288.18,511.32
10/26/2019 10:06:52 am,10.104,288.59,510.16
10/26/2019 10:06:52 am,10.105,289.53,509.25
10/26/2019 10:06:52 am,10.106,290.26,508.7
10/26/2019 10:06:52 am,10.107000000000001,291.02,507.6
10/26/2019 10:06:52 am,10.107999999999999,291.88,506.57
10/26/2019 10:06:52 am,10.109,292.94,505.73
10/26/2019 10:06:52 am,10.11,293.91,504.27
10/26/2019 10:06:52 am,10.111,295.43,503.08
10/26/2019 10:06:52 am,10.112,295.83,502.0
10/26/2019 10:06:52 am,10.113,297.24,500.81
10/26/2019 10:06:52 am,10.113999999999999,298.19,499.53
10/26/2019 10:06:52 am,10.115,299.92,497.86
10/26/2019 10:06:52 am,10.116,300.87,496.64
10/26/2019 10:06:52 am,10.117,302.43,495.27
10/26/2019 10:06:52 am,10.118,303.46,493.78
10/26/2019 10:06:52 am,10.119,304.92,492.16
10/26/2019 10:06:52 am,10.12,306.03,490.83
10/26/2019 10:06:52 am,10.121,307.33,488.89
10/26/2019 10:06:52 am,10.122,308.98,487.21
10/26/2019 10:06:52 am,10.123,310.49,485.43
10/26/2019 10:06:52 am,10.124,312.33,484.3
10/26/2019 10:06:52 am,10.125,313.6,482.83
10/26/2019 10:06:52 am,10.126,315.23,480.7
10/26/2019 10:06:52 am,10.127,317.04,479.43
10/26/2019 10:06:52 am,10.128,318.53,477.59
10/26/2019 10:06:52 am,10.129,320.04,475.94
10/26/2019 10:06:52 am,10.13,322.61,474.21
10/26/2019 10:06:52 am,10.131,324.4,471.91
10/26/2019 10:06:52 am,10.132,326.53,469.99
10/26/2019 10:06:52 am,10.133,328.02,468.35
10/26/2019 10:06:52 am,10.134,330.16,466.21
10/26/2019 10:06:52 am,10.135,331.59,464.48
10/26/2019 10:06:52 am,10.136000000000001,333.75,462.99
10/26/2019 10:06:52 am,10.137,336.05,460.4
10/26/2019 10:06:52 am,10.138,338.62,458.24
10/26/2019 10:06:52 am,10.139,340.76,455.96
10/26/2019 10:06:52 am,10.14,342.57,453.59
10/26/2019 10:06:52 am,10.141,345.27,450.91
10/26/2019 10:06:52 am,10.142000000000001,347.49,448.7
10/26/2019 10:06:52 am,10.142999999999999,349.74,446.61
10/26/2019 10:06:52 am,10.144,351.79,444.29
10/26/2019 10:06:52 am,10.145,354.47,441.7
10/26/2019 10:06:52 am,10.146,356.31,438.7
10/26/2019 10:06:52 am,10.147,358.66,436.16
10/26/2019 10:06:52 am,10.148,361.31,433.81
10/26/2019 10:06:52 am,10.149,363.31,431.1
10/26/2019 10:06:52 am,10.15,365.69,428.61
10/26/2019 10:06:52 am,10.151,367.53,425.86
10/26/2019 10:06:52 am,10.152000000000001,369.5,422.72
10/26/2019 10:06:52 am,10.152999999999999,371.86,419.77
10/26/2019 10:06:52 am,10.154,374.1,417.59
10/26/2019 10:06:52 am,10.155,376.29,413.94
10/26/2019 10:06:52 am,10.156,377.35,411.4
10/26/2019 10:06:52 am,10.157,379.75,408.31
10/26/2019 10:06:52 am,10.158,381.4,405.4
10/26/2019 10:06:52 am,10.158999999999999,383.24,402.72
10/26/2019 10:06:52 am,10.16,384.86,399.45
10/26/2019 10:06:52 am,10.161,386.75,396.43
10/26/2019 10:06:52 am,10.162,388.62,393.15
10/26/2019 10:06:52 am,10.163,389.29,389.89
10/26/2019 10:06:52 am,10.164,391.22,386.67
10/26/2019 10:06:52 am,10.165,393.03,383.54
10/26/2019 10:06:52 am,10.166,394.03,381.0
10/26/2019 10:06:52 am,10.167,395.43,377.21
10/26/2019 10:06:52 am,10.168,396.87,373.96
10/26/2019 10:06:52 am,10.169,397.52,371.05
10/26/2019 10:06:52 am,10.17,398.7,367.38
10/26/2019 10:06:52 am,10.171,400.11,364.62
10/26/2019 10:06:52 am,10.172,400.63,361.45
10/26/2019 10:06:52 am,10.173,401.6,358.19
10/26/2019 10:06:52 am,10.174,402.33,355.26
10/26/2019 10:06:52 am,10.175,403.28,352.22
10/26/2019 10:06:52 am,10.176,404.3,348.7
10/26/2019 10:06:52 am,10.177,404.55,345.35
10/26/2019 10:06:52 am,10.177999999999999,405.63,342.46
10/26/2019 10:06:52 am,10.179,405.61,339.19
10/26/2019 10:06:52 am,10.18,406.14,336.68
10/26/2019 10:06:52 am,10.181000000000001,407.09,332.99
10/26/2019 10:06:52 am,10.182,407.5,329.9
10/26/2019 10:06:52 am,10.183,407.93,327.29
10/26/2019 10:06:52 am,10.184,408.09,324.64
10/26/2019 10:06:52 am,10.185,408.63,321.55
10/26/2019 10:06:52 am,10.186,409.01,318.61
10/26/2019 10:06:52 am,10.187000000000001,409.37,315.59
10/26/2019 10:06:52 am,10.187999999999999,409.93,312.7
10/26/2019 10:06:52 am,10.189,409.61,309.76
10/26/2019 10:06:52 am,10.19,410.02,306.92
10/26/2019 10:06:52 am,10.191,409.88,303.82
10/26/2019 10:06:52 am,10.192,410.18,301.31
10/26/2019 10:06:52 am,10.193,410.42,298.77
10/26/2019 10:06:52 am,10.193999999999999,411.07,295.33
10/26/2019 10:06:52 am,10.195,411.15,293.18
10/26/2019 10:06:52 am,10.196,411.42,290.45
10/26/2019 10:06:52 am,10.197000000000001,411.67,287.94
10/26/2019 10:06:52 am,10.198,412.15,285.11
10/26/2019 10:06:52 am,10.199,411.64,282.86
10/26/2019 10:06:52 am,10.2,411.58,280.41
10/26/2019 10:06:52 am,10.201,412.21,278.19
10/26/2019 10:06:52 am,10.202,412.75,275.88
10/26/2019 10:06:52 am,10.203,412.26,273.83
10/26/2019 10:06:52 am,10.204,412.58,270.78
10/26/2019 10:06:52 am,10.205,412.69,269.35
10/26/2019 10:06:52 am,10.206,412.58,267.27
10/26/2019 10:06:52 am,10.207,412.88,264.94
10/26/2019 10:06:52 am,10.208,413.15,263.33
10/26/2019 10:06:52 am,10.209,413.2,261.17
10/26/2019 10:06:52 am,10.21,412.82,259.33
10/26/2019 10:06:52 am,10.211,413.17,257.42
10/26/2019 10:06:52 am,10.212,412.79,255.8
10/26/2019 10:06:52 am,10.213,413.23,253.35
10/26/2019 10:06:52 am,10.214,413.22,252.14
10/26/2019 10:06:52 am,10.215,413.03,250.76
10/26/2019 10:06:52 am,10.216000000000001,413.25,248.6
10/26/2019 10:06:52 am,10.217,413.03,247.09
10/26/2019 10:06:52 am,10.218,413.43,245.74
10/26/2019 10:06:52 am,10.219,412.92,244.13
10/26/2019 10:06:52 am,10.22,413.29,242.59
10/26/2019 10:06:52 am,10.221,413.32,241.16
10/26/2019 10:06:52 am,10.222000000000001,413.62,239.63
10/26/2019 10:06:52 am,10.222999999999999,414.62,238.52
10/26/2019 10:06:52 am,10.224,414.7,236.9
10/26/2019 10:06:52 am,10.225,414.77,235.53
10/26/2019 10:06:52 am,10.226,415.31,234.67
10/26/2019 10:06:52 am,10.227,415.88,233.49
10/26/2019 10:06:52 am,10.228,416.25,232.11
10/26/2019 10:06:52 am,10.229,417.31,231.41
10/26/2019 10:06:52 am,10.23,417.52,230.31
10/26/2019 10:06:52 am,10.231,417.79,229.09
10/26/2019 10:06:52 am,10.232000000000001,418.95,228.26
10/26/2019 10:06:52 am,10.232999999999999,419.3,227.51
10/26/2019 10:06:52 am,10.234,420.05,226.94
10/26/2019 10:06:52 am,10.235,420.21,226.03
10/26/2019 10:06:52 am,10.236,420.24,225.43
10/26/2019 10:06:52 am,10.237,420.61,225.24
10/26/2019 10:06:52 am,10.238,421.5,224.76
10/26/2019 10:06:52 am,10.238999999999999,421.82,224.19
10/26/2019 10:06:52 am,10.24,422.33,223.44
10/26/2019 10:06:52 am,10.241,422.24,223.44
10/26/2019 10:06:52 am,10.242,423.13,222.9
10/26/2019 10:06:52 am,10.243,423.02,222.38
10/26/2019 10:06:52 am,10.244000000000002,423.15,222.17
10/26/2019 10:06:52 am,10.245,423.93,221.87
10/26/2019 10:06:52 am,10.245999999999999,424.01,221.52
10/26/2019 10:06:52 am,10.247,424.3,221.63
10/26/2019 10:06:52 am,10.248,423.62,221.57
10/26/2019 10:06:52 am,10.249,423.32,221.62
10/26/2019 10:06:52 am,10.25,423.83,221.0
10/26/2019 10:06:52 am,10.251,423.34,221.3
10/26/2019 10:06:52 am,10.252,423.52,221.49
10/26/2019 10:06:52 am,10.253,423.22,221.24
10/26/2019 10:06:52 am,10.254000000000001,423.11,221.43
10/26/2019 10:06:52 am,10.255,422.48,221.86
10/26/2019 10:06:52 am,10.255999999999998,421.78,221.54
10/26/2019 10:06:52 am,10.257,420.5,222.1
10/26/2019 10:06:52 am,10.258,420.11,222.81
10/26/2019 10:06:52 am,10.259,419.59,223.13
10/26/2019 10:06:52 am,10.26,418.94,223.23
10/26/2019 10:06:52 am,10.261,417.99,224.23
10/26/2019 10:06:52 am,10.262,417.33,224.69
10/26/2019 10:06:52 am,10.263,416.63,225.45
10/26/2019 10:06:52 am,10.264000000000001,415.38,226.15
10/26/2019 10:06:52 am,10.265,413.61,227.09
10/26/2019 10:06:52 am,10.265999999999998,412.8,227.94
10/26/2019 10:06:52 am,10.267000000000001,411.79,229.15
10/26/2019 10:06:52 am,10.267999999999999,410.51,230.28
10/26/2019 10:06:52 am,10.269,409.56,231.04
10/26/2019 10:06:52 am,10.27,407.66,232.2
10/26/2019 10:06:52 am,10.270999999999999,406.31,233.5
10/26/2019 10:06:52 am,10.272,405.22,235.71
10/26/2019 10:06:52 am,10.273,403.46,237.05
10/26/2019 10:06:52 am,10.274000000000001,402.48,238.27
10/26/2019 10:06:52 am,10.275,401.4,240.22
10/26/2019 10:06:52 am,10.276,399.96,241.56
10/26/2019 10:06:52 am,10.277000000000001,398.36,243.67
10/26/2019 10:06:52 am,10.277999999999999,397.03,245.05
10/26/2019 10:06:52 am,10.279000000000002,395.65,246.88
10/26/2019 10:06:52 am,10.28,394.51,248.59
10/26/2019 10:06:52 am,10.280999999999999,392.69,250.4
10/26/2019 10:06:52 am,10.282,391.28,252.74
10/26/2019 10:06:52 am,10.283,388.9,254.69
10/26/2019 10:06:52 am,10.284,387.76,256.44
10/26/2019 10:06:52 am,10.285,386.16,258.93
10/26/2019 10:06:52 am,10.286,384.8,260.98
10/26/2019 10:06:52 am,10.287,382.99,262.84
10/26/2019 10:06:52 am,10.288,381.33,265.17
10/26/2019 10:06:52 am,10.289000000000001,379.38,267.24
10/26/2019 10:06:52 am,10.29,377.19,270.7
10/26/2019 10:06:52 am,10.290999999999999,375.46,272.51
10/26/2019 10:06:52 am,10.292,374.15,275.29
10/26/2019 10:06:52 am,10.293,372.04,278.05
10/26/2019 10:06:52 am,10.294,369.66,280.59
10/26/2019 10:06:52 am,10.295,368.25,283.75
10/26/2019 10:06:52 am,10.296,365.6,286.93
10/26/2019 10:06:52 am,10.297,363.54,290.21
10/26/2019 10:06:52 am,10.298,361.62,293.34
10/26/2019 10:06:52 am,10.299000000000001,359.91,296.52
10/26/2019 10:06:52 am,10.3,357.93,300.2
10/26/2019 10:06:52 am,10.300999999999998,355.23,303.29
10/26/2019 10:06:52 am,10.302,352.98,306.63
10/26/2019 10:06:52 am,10.302999999999999,350.44,310.17
10/26/2019 10:06:52 am,10.304,348.33,313.95
10/26/2019 10:06:52 am,10.305,346.16,317.11
10/26/2019 10:06:52 am,10.306,344.05,321.09
10/26/2019 10:06:52 am,10.307,341.99,324.38
10/26/2019 10:06:52 am,10.308,339.34,328.74
10/26/2019 10:06:52 am,10.309000000000001,336.36,332.27
10/26/2019 10:06:52 am,10.31,334.25,336.44
10/26/2019 10:06:52 am,10.311,332.3,339.38
10/26/2019 10:06:52 am,10.312000000000001,329.84,343.51
10/26/2019 10:06:52 am,10.312999999999999,326.97,347.11
10/26/2019 10:06:52 am,10.314,324.54,351.06
10/26/2019 10:06:52 am,10.315,321.7,354.27
10/26/2019 10:06:52 am,10.315999999999999,319.54,358.28
10/26/2019 10:06:52 am,10.317,316.69,361.68
10/26/2019 10:06:52 am,10.318,314.56,365.49
10/26/2019 10:06:52 am,10.319,311.9,369.79
10/26/2019 10:06:52 am,10.32,309.01,373.58
10/26/2019 10:06:52 am,10.321,306.55,376.39
10/26/2019 10:06:52 am,10.322000000000001,304.03,381.34
10/26/2019 10:06:52 am,10.323,301.03,384.31
10/26/2019 10:06:52 am,10.324000000000002,298.6,388.5
10/26/2019 10:06:52 am,10.325,296.13,392.36
10/26/2019 10:06:52 am,10.325999999999999,293.1,395.67
10/26/2019 10:06:52 am,10.327,290.64,399.56
10/26/2019 10:06:52 am,10.328,287.96,403.59
10/26/2019 10:06:52 am,10.329,285.04,407.21
10/26/2019 10:06:52 am,10.33,282.85,410.86
10/26/2019 10:06:52 am,10.331,280.37,414.7
10/26/2019 10:06:52 am,10.332,277.44,417.38
10/26/2019 10:06:52 am,10.333,275.09,421.07
10/26/2019 10:06:52 am,10.334000000000001,272.28,424.81
10/26/2019 10:06:52 am,10.335,270.33,427.76
10/26/2019 10:06:52 am,10.335999999999999,267.98,430.76
10/26/2019 10:06:52 am,10.337,265.38,433.99
10/26/2019 10:06:52 am,10.338,263.3,436.39
10/26/2019 10:06:52 am,10.339,261.68,438.75
10/26/2019 10:06:52 am,10.34,259.0,441.1
10/26/2019 10:06:52 am,10.341,257.35,443.47
10/26/2019 10:06:52 am,10.342,254.7,446.08
10/26/2019 10:06:52 am,10.343,253.29,447.73
10/26/2019 10:06:52 am,10.344000000000001,251.7,450.3
10/26/2019 10:06:52 am,10.345,248.67,451.6
10/26/2019 10:06:52 am,10.345999999999998,247.13,451.71
10/26/2019 10:06:52 am,10.347000000000001,245.48,452.82
10/26/2019 10:06:52 am,10.347999999999999,243.56,455.36
10/26/2019 10:06:52 am,10.349,241.66,458.42
10/26/2019 10:06:52 am,10.35,239.83,461.37
10/26/2019 10:06:52 am,10.350999999999999,238.1,462.24
10/26/2019 10:06:52 am,10.352,236.64,462.4
10/26/2019 10:06:52 am,10.353,234.8,464.11
10/26/2019 10:06:52 am,10.354000000000001,233.23,465.7
10/26/2019 10:06:52 am,10.355,231.55,468.11
10/26/2019 10:06:52 am,10.356,229.66,469.23
10/26/2019 10:06:52 am,10.357000000000001,228.42,470.75
10/26/2019 10:06:52 am,10.357999999999999,227.47,472.59
10/26/2019 10:06:52 am,10.359000000000002,226.55,473.94
10/26/2019 10:06:52 am,10.36,225.07,474.59
10/26/2019 10:06:52 am,10.360999999999999,223.5,476.0
10/26/2019 10:06:52 am,10.362,222.42,476.93
10/26/2019 10:06:52 am,10.363,221.01,478.55
10/26/2019 10:06:52 am,10.364,219.23,479.8
10/26/2019 10:06:52 am,10.365,218.15,480.59
10/26/2019 10:06:52 am,10.366,217.66,481.53
10/26/2019 10:06:52 am,10.367,216.5,481.89
10/26/2019 10:06:52 am,10.368,215.66,482.6
10/26/2019 10:06:52 am,10.369000000000002,214.88,483.55
10/26/2019 10:06:52 am,10.37,213.74,484.15
10/26/2019 10:06:52 am,10.370999999999999,211.82,484.58
10/26/2019 10:06:52 am,10.372,210.99,485.59
10/26/2019 10:06:52 am,10.373,209.94,485.81
10/26/2019 10:06:52 am,10.374,208.94,486.68
10/26/2019 10:06:52 am,10.375,207.77,487.0
10/26/2019 10:06:52 am,10.376,206.64,487.83
10/26/2019 10:06:52 am,10.377,205.02,487.99
10/26/2019 10:06:52 am,10.378,203.96,488.78
10/26/2019 10:06:52 am,10.379000000000001,203.1,489.16
10/26/2019 10:06:52 am,10.38,202.37,490.12
10/26/2019 10:06:52 am,10.380999999999998,201.42,490.04
10/26/2019 10:06:52 am,10.382,200.59,490.5
10/26/2019 10:06:52 am,10.383,199.35,490.94
10/26/2019 10:06:52 am,10.384,198.4,491.46
10/26/2019 10:06:52 am,10.385,197.08,492.32
10/26/2019 10:06:52 am,10.386,196.43,492.96
10/26/2019 10:06:52 am,10.387,195.24,493.21
10/26/2019 10:06:52 am,10.388,194.08,493.07
10/26/2019 10:06:52 am,10.389000000000001,193.24,493.08
10/26/2019 10:06:52 am,10.39,191.43,493.54
10/26/2019 10:06:52 am,10.390999999999998,190.62,494.09
10/26/2019 10:06:52 am,10.392000000000001,190.27,494.2
10/26/2019 10:06:52 am,10.392999999999999,188.95,494.67
10/26/2019 10:06:52 am,10.394,187.68,494.97
10/26/2019 10:06:52 am,10.395,186.46,495.11
10/26/2019 10:06:52 am,10.395999999999999,185.6,496.12
10/26/2019 10:06:52 am,10.397,184.52,496.05
10/26/2019 10:06:52 am,10.398,182.87,496.02
10/26/2019 10:06:52 am,10.399000000000001,182.55,496.43
10/26/2019 10:06:52 am,10.4,182.38,496.6
10/26/2019 10:06:52 am,10.401,179.95,496.39
10/26/2019 10:06:52 am,10.402000000000001,179.49,497.02
10/26/2019 10:06:52 am,10.402999999999999,179.01,496.78
10/26/2019 10:06:52 am,10.404000000000002,177.74,497.03
10/26/2019 10:06:52 am,10.405,177.22,497.6
10/26/2019 10:06:52 am,10.405999999999999,175.77,497.34
10/26/2019 10:06:52 am,10.407,174.96,497.02
10/26/2019 10:06:52 am,10.408,174.17,497.65
10/26/2019 10:06:52 am,10.409,173.23,497.25
10/26/2019 10:06:52 am,10.41,172.5,497.63
10/26/2019 10:06:52 am,10.411,171.2,497.53
10/26/2019 10:06:52 am,10.412,170.61,497.83
10/26/2019 10:06:52 am,10.413,169.58,497.97
10/26/2019 10:06:52 am,10.414000000000001,169.07,498.2
10/26/2019 10:06:52 am,10.415,168.07,497.85
10/26/2019 10:06:52 am,10.415999999999999,166.72,497.05
10/26/2019 10:06:52 am,10.417,166.32,497.27
10/26/2019 10:06:52 am,10.418,165.1,498.03
10/26/2019 10:06:52 am,10.419,164.67,497.75
10/26/2019 10:06:52 am,10.42,164.16,497.5
10/26/2019 10:06:52 am,10.421,163.26,497.46
10/26/2019 10:06:52 am,10.422,162.54,497.03
10/26/2019 10:06:52 am,10.423,161.65,497.14
10/26/2019 10:06:52 am,10.424000000000001,160.75,497.21
10/26/2019 10:06:52 am,10.425,160.32,496.91
10/26/2019 10:06:52 am,10.425999999999998,159.35,497.16
10/26/2019 10:06:52 am,10.427,159.02,496.47
10/26/2019 10:06:52 am,10.427999999999999,158.24,496.06
10/26/2019 10:06:52 am,10.429,157.81,495.36
10/26/2019 10:06:52 am,10.43,156.84,495.54
10/26/2019 10:06:52 am,10.431,156.35,495.49
10/26/2019 10:06:52 am,10.432,155.79,494.85
10/26/2019 10:06:52 am,10.433,155.49,494.45
10/26/2019 10:06:52 am,10.434000000000001,154.6,493.63
10/26/2019 10:06:52 am,10.435,153.84,493.53
10/26/2019 10:06:52 am,10.436,153.84,493.25
10/26/2019 10:06:52 am,10.437000000000001,153.71,492.73
10/26/2019 10:06:52 am,10.437999999999999,153.25,492.88
10/26/2019 10:06:52 am,10.439,152.79,491.72
10/26/2019 10:06:52 am,10.44,152.11,492.38
10/26/2019 10:06:52 am,10.440999999999999,151.52,491.6
10/26/2019 10:06:52 am,10.442,151.68,491.23
10/26/2019 10:06:52 am,10.443,150.68,490.77
10/26/2019 10:06:52 am,10.444,150.52,490.37
10/26/2019 10:06:52 am,10.445,150.17,490.65
10/26/2019 10:06:52 am,10.446,149.71,490.19
10/26/2019 10:06:52 am,10.447000000000001,149.36,490.12
10/26/2019 10:06:52 am,10.448,149.44,489.88
10/26/2019 10:06:52 am,10.449000000000002,148.76,489.59
10/26/2019 10:06:52 am,10.45,148.79,489.08
10/26/2019 10:06:52 am,10.450999999999999,148.6,488.79
10/26/2019 10:06:52 am,10.452,148.5,488.01
10/26/2019 10:06:52 am,10.453,148.25,487.39
10/26/2019 10:06:52 am,10.454,148.44,486.75
10/26/2019 10:06:52 am,10.455,148.06,486.46
10/26/2019 10:06:52 am,10.456,148.17,486.16
10/26/2019 10:06:52 am,10.457,147.9,485.49
10/26/2019 10:06:52 am,10.458,147.79,484.82
10/26/2019 10:06:52 am,10.459000000000001,148.49,484.24
10/26/2019 10:06:52 am,10.46,149.2,483.62
10/26/2019 10:06:52 am,10.460999999999999,148.79,483.17
10/26/2019 10:06:52 am,10.462,149.39,482.36
10/26/2019 10:06:52 am,10.463,149.44,481.74
10/26/2019 10:06:52 am,10.464,150.17,480.37
10/26/2019 10:06:52 am,10.465,150.66,479.7
10/26/2019 10:06:52 am,10.466,151.66,479.33
10/26/2019 10:06:52 am,10.467,152.49,478.25
10/26/2019 10:06:52 am,10.468,152.95,477.82
10/26/2019 10:06:52 am,10.469000000000001,154.17,477.12
10/26/2019 10:06:52 am,10.47,155.87,476.2
10/26/2019 10:06:52 am,10.470999999999998,157.14,474.69
10/26/2019 10:06:52 am,10.472000000000001,158.11,474.03
10/26/2019 10:06:52 am,10.472999999999999,160.11,472.95
10/26/2019 10:06:52 am,10.474,161.65,472.36
10/26/2019 10:06:52 am,10.475,162.92,471.09
10/26/2019 10:06:52 am,10.475999999999999,165.27,469.91
10/26/2019 10:06:52 am,10.477,166.59,469.16
10/26/2019 10:06:52 am,10.478,168.83,468.27
10/26/2019 10:06:52 am,10.479000000000001,170.94,466.67
10/26/2019 10:06:52 am,10.48,172.86,465.89
10/26/2019 10:06:52 am,10.481,174.86,465.36
10/26/2019 10:06:52 am,10.482000000000001,176.99,464.5
10/26/2019 10:06:52 am,10.482999999999999,179.74,464.02
10/26/2019 10:06:52 am,10.484000000000002,182.04,462.51
10/26/2019 10:06:52 am,10.485,184.39,461.57
10/26/2019 10:06:52 am,10.485999999999999,186.82,460.13
10/26/2019 10:06:52 am,10.487,189.6,458.92
10/26/2019 10:06:52 am,10.488,192.71,458.36
10/26/2019 10:06:52 am,10.489,195.41,457.47
10/26/2019 10:06:52 am,10.49,197.54,455.5
10/26/2019 10:06:52 am,10.491,201.08,454.1
10/26/2019 10:06:52 am,10.492,203.7,452.45
10/26/2019 10:06:52 am,10.493,207.45,450.67
10/26/2019 10:06:52 am,10.494000000000002,210.48,448.97
10/26/2019 10:06:52 am,10.495,213.94,447.37
10/26/2019 10:06:52 am,10.495999999999999,217.18,445.95
10/26/2019 10:06:52 am,10.497,220.52,444.27
10/26/2019 10:06:52 am,10.498,224.03,442.41
10/26/2019 10:06:52 am,10.499,227.87,441.12
10/26/2019 10:06:52 am,10.5,231.49,438.88
10/26/2019 10:06:52 am,10.501,234.97,436.63
10/26/2019 10:06:52 am,10.502,238.92,435.25
10/26/2019 10:06:52 am,10.503,242.32,433.58
10/26/2019 10:06:52 am,10.504000000000001,245.59,431.56
10/26/2019 10:06:52 am,10.505,248.99,429.47
10/26/2019 10:06:52 am,10.505999999999998,253.26,427.39
10/26/2019 10:06:52 am,10.507,256.37,425.69
10/26/2019 10:06:52 am,10.508,260.37,423.39
10/26/2019 10:06:52 am,10.509,263.9,420.52
10/26/2019 10:06:52 am,10.51,267.58,418.07
10/26/2019 10:06:52 am,10.511,271.17,415.68
10/26/2019 10:06:52 am,10.512,274.68,413.82
10/26/2019 10:06:52 am,10.513,278.25,412.17
10/26/2019 10:06:52 am,10.514000000000001,281.49,409.17
10/26/2019 10:06:52 am,10.515,285.32,406.17
10/26/2019 10:06:52 am,10.515999999999998,288.86,403.33
10/26/2019 10:06:52 am,10.517000000000001,292.35,400.01
10/26/2019 10:06:52 am,10.517999999999999,296.45,397.17
10/26/2019 10:06:52 am,10.519,300.16,395.03
10/26/2019 10:06:52 am,10.52,303.7,391.71
10/26/2019 10:06:52 am,10.520999999999999,306.86,388.63
10/26/2019 10:06:52 am,10.522,310.5,385.81
10/26/2019 10:06:52 am,10.523,313.58,382.21
10/26/2019 10:06:52 am,10.524000000000001,317.2,378.72
10/26/2019 10:06:52 am,10.525,320.63,374.62
10/26/2019 10:06:52 am,10.526,324.09,371.16
10/26/2019 10:06:52 am,10.527000000000001,327.01,367.5
10/26/2019 10:06:52 am,10.527999999999999,330.6,363.64
10/26/2019 10:06:52 am,10.529000000000002,334.11,359.82
10/26/2019 10:06:52 am,10.53,337.11,355.73
10/26/2019 10:06:52 am,10.530999999999999,340.73,351.32
10/26/2019 10:06:52 am,10.532,343.7,347.32
10/26/2019 10:06:52 am,10.533,347.54,342.69
10/26/2019 10:06:52 am,10.534,350.4,338.75
10/26/2019 10:06:52 am,10.535,353.84,333.5
10/26/2019 10:06:52 am,10.536,356.67,329.11
10/26/2019 10:06:52 am,10.537,360.35,324.44
10/26/2019 10:06:52 am,10.538,363.53,319.32
10/26/2019 10:06:52 am,10.539000000000001,367.32,314.21
10/26/2019 10:06:52 am,10.54,370.18,308.86
10/26/2019 10:06:52 am,10.540999999999999,373.15,304.61
10/26/2019 10:06:52 am,10.542,377.02,299.18
10/26/2019 10:06:52 am,10.543,380.45,293.99
10/26/2019 10:06:52 am,10.544,382.88,288.33
10/26/2019 10:06:52 am,10.545,387.09,282.94
10/26/2019 10:06:52 am,10.546,389.93,277.7
10/26/2019 10:06:52 am,10.547,393.31,271.8
10/26/2019 10:06:52 am,10.548,396.6,266.53
10/26/2019 10:06:52 am,10.549000000000001,400.47,260.15
10/26/2019 10:06:52 am,10.55,403.68,254.47
10/26/2019 10:06:52 am,10.550999999999998,407.63,247.9
10/26/2019 10:06:52 am,10.552,410.79,242.58
10/26/2019 10:06:52 am,10.552999999999999,414.16,235.76
10/26/2019 10:06:52 am,10.554,417.7,230.2
10/26/2019 10:06:52 am,10.555,421.32,224.69
10/26/2019 10:06:52 am,10.556,424.46,218.45
10/26/2019 10:06:52 am,10.557,428.32,211.79
10/26/2019 10:06:52 am,10.558,431.84,205.34
10/26/2019 10:06:52 am,10.559000000000001,435.4,198.13
10/26/2019 10:06:52 am,10.56,439.08,192.09
10/26/2019 10:06:52 am,10.561,442.51,186.02
10/26/2019 10:06:52 am,10.562000000000001,445.59,180.48
10/26/2019 10:06:52 am,10.562999999999999,449.32,173.17
10/26/2019 10:06:52 am,10.564,453.1,166.8
10/26/2019 10:06:52 am,10.565,456.59,160.66
10/26/2019 10:06:52 am,10.565999999999999,460.07,154.26
10/26/2019 10:06:52 am,10.567,463.74,147.3
10/26/2019 10:06:52 am,10.568,467.02,141.59
10/26/2019 10:06:52 am,10.569,470.85,135.54
10/26/2019 10:06:52 am,10.57,474.29,129.53
10/26/2019 10:06:52 am,10.571,477.82,123.39
10/26/2019 10:06:52 am,10.572000000000001,481.47,117.29
10/26/2019 10:06:52 am,10.573,484.66,111.51
10/26/2019 10:06:52 am,10.574000000000002,488.55,105.79
10/26/2019 10:06:52 am,10.575,492.28,101.21
10/26/2019 10:06:52 am,10.575999999999999,495.44,95.55
10/26/2019 10:06:52 am,10.577,498.9,90.26
10/26/2019 10:06:52 am,10.578,502.68,84.55
10/26/2019 10:06:52 am,10.579,506.14,79.88
10/26/2019 10:06:52 am,10.58,509.11,74.9
10/26/2019 10:06:52 am,10.581,512.38,71.07
10/26/2019 10:06:52 am,10.582,516.19,65.41
10/26/2019 10:06:52 am,10.583,519.24,60.88
10/26/2019 10:06:52 am,10.584000000000001,522.59,56.65
10/26/2019 10:06:52 am,10.585,526.43,53.56
10/26/2019 10:06:52 am,10.585999999999999,529.59,50.03
10/26/2019 10:06:52 am,10.587,532.48,46.52
10/26/2019 10:06:52 am,10.588,535.65,43.43
10/26/2019 10:06:52 am,10.589,538.48,39.95
10/26/2019 10:06:52 am,10.59,542.13,36.56
10/26/2019 10:06:52 am,10.591,545.32,33.71
10/26/2019 10:06:52 am,10.592,548.75,31.34
10/26/2019 10:06:52 am,10.593,551.83,28.73
10/26/2019 10:06:52 am,10.594000000000001,554.59,26.84
10/26/2019 10:06:52 am,10.595,558.02,25.26
10/26/2019 10:06:52 am,10.595999999999998,561.09,23.12
10/26/2019 10:06:52 am,10.597000000000001,564.34,22.61
10/26/2019 10:06:52 am,10.597999999999999,567.9,20.72
10/26/2019 10:06:52 am,10.599,570.76,19.37
10/26/2019 10:06:52 am,10.6,574.12,17.94
10/26/2019 10:06:52 am,10.600999999999999,577.47,16.24
10/26/2019 10:06:52 am,10.602,580.41,14.97
10/26/2019 10:06:52 am,10.603,584.0,14.35
10/26/2019 10:06:52 am,10.604000000000001,586.6,13.12
10/26/2019 10:06:52 am,10.605,590.13,12.09
10/26/2019 10:06:52 am,10.606,592.78,10.34
10/26/2019 10:06:52 am,10.607000000000001,596.51,10.07
10/26/2019 10:06:52 am,10.607999999999999,599.24,9.75
10/26/2019 10:06:52 am,10.609000000000002,602.34,8.27
10/26/2019 10:06:52 am,10.61,605.58,7.1
10/26/2019 10:06:52 am,10.610999999999999,608.15,5.92
10/26/2019 10:06:52 am,10.612,611.47,5.08
10/26/2019 10:06:52 am,10.613,614.12,4.68
10/26/2019 10:06:52 am,10.614,617.6,4.49
10/26/2019 10:06:52 am,10.615,620.06,4.28
10/26/2019 10:06:52 am,10.616,622.71,3.57
10/26/2019 10:06:52 am,10.617,625.3,2.38
10/26/2019 10:06:52 am,10.618,627.97,2.16
10/26/2019 10:06:52 am,10.619000000000002,631.03,2.58
10/26/2019 10:06:52 am,10.62,633.24,2.79
10/26/2019 10:06:52 am,10.620999999999999,635.99,3.41
10/26/2019 10:06:52 am,10.622,638.18,3.43
10/26/2019 10:06:52 am,10.623,641.18,3.03
10/26/2019 10:06:52 am,10.624,643.61,2.54
10/26/2019 10:06:52 am,10.625,646.07,2.86
10/26/2019 10:06:52 am,10.626,648.96,3.11
10/26/2019 10:06:52 am,10.627,651.09,3.33
10/26/2019 10:06:52 am,10.628,652.93,3.68
10/26/2019 10:06:52 am,10.629000000000001,655.5,3.76
10/26/2019 10:06:52 am,10.63,657.31,3.06
10/26/2019 10:06:52 am,10.630999999999998,659.68,3.06
10/26/2019 10:06:52 am,10.632,661.54,2.93
10/26/2019 10:06:52 am,10.633,663.41,3.14
10/26/2019 10:06:52 am,10.634,665.6,2.87
10/26/2019 10:06:52 am,10.635,667.35,3.14
10/26/2019 10:06:52 am,10.636,669.11,2.95
10/26/2019 10:06:52 am,10.637,670.62,3.36
10/26/2019 10:06:52 am,10.638,672.11,3.25
10/26/2019 10:06:52 am,10.639000000000001,673.84,3.09
10/26/2019 10:06:52 am,10.64,675.4,2.97
10/26/2019 10:06:52 am,10.640999999999998,676.48,2.98
10/26/2019 10:06:52 am,10.642000000000001,678.18,3.11
10/26/2019 10:06:52 am,10.642999999999999,679.77,3.41
10/26/2019 10:06:52 am,10.644,680.69,2.98
10/26/2019 10:06:52 am,10.645,681.67,3.25
10/26/2019 10:06:52 am,10.645999999999999,682.83,3.43
10/26/2019 10:06:52 am,10.647,683.12,3.36
10/26/2019 10:06:52 am,10.648,684.18,3.44
10/26/2019 10:06:52 am,10.649000000000001,684.88,3.14
10/26/2019 10:06:52 am,10.65,685.96,2.87
10/26/2019 10:06:52 am,10.651,686.44,2.78
10/26/2019 10:06:52 am,10.652000000000001,686.69,3.14
10/26/2019 10:06:52 am,10.652999999999999,687.71,3.68
10/26/2019 10:06:52 am,10.654000000000002,688.82,3.43
10/26/2019 10:06:52 am,10.655,688.58,3.63
10/26/2019 10:06:52 am,10.655999999999999,688.98,3.62
10/26/2019 10:06:52 am,10.657,689.95,3.28
10/26/2019 10:06:52 am,10.658,689.85,3.43
10/26/2019 10:06:52 am,10.659,690.06,3.33
10/26/2019 10:06:52 am,10.66,690.28,3.06
10/26/2019 10:06:52 am,10.661,690.49,3.57
10/26/2019 10:06:52 am,10.662,690.3,3.03
10/26/2019 10:06:52 am,10.663,690.41,3.52
10/26/2019 10:06:52 am,10.664000000000001,690.11,3.71
10/26/2019 10:06:52 am,10.665,689.9,3.35
10/26/2019 10:06:52 am,10.665999999999999,689.52,3.71
10/26/2019 10:06:52 am,10.667,689.33,3.19
10/26/2019 10:06:52 am,10.668,689.3,3.08
10/26/2019 10:06:52 am,10.669,688.92,3.44
10/26/2019 10:06:52 am,10.67,687.92,3.62
10/26/2019 10:06:52 am,10.671,687.79,3.27
10/26/2019 10:06:52 am,10.672,687.28,3.0
10/26/2019 10:06:52 am,10.673,686.84,3.33
10/26/2019 10:06:52 am,10.674000000000001,686.6,3.11
10/26/2019 10:06:52 am,10.675,686.17,3.38
10/26/2019 10:06:52 am,10.675999999999998,684.98,3.57
10/26/2019 10:06:52 am,10.677,684.85,3.49
10/26/2019 10:06:52 am,10.677999999999999,684.01,3.03
10/26/2019 10:06:52 am,10.679,683.22,3.11
10/26/2019 10:06:52 am,10.68,682.2,3.17
10/26/2019 10:06:52 am,10.681,682.01,3.14
10/26/2019 10:06:52 am,10.682,681.2,3.0
10/26/2019 10:06:52 am,10.683,680.36,3.14
10/26/2019 10:06:52 am,10.684000000000001,679.9,3.36
10/26/2019 10:06:52 am,10.685,679.44,2.87
10/26/2019 10:06:52 am,10.686,678.63,3.03
10/26/2019 10:06:52 am,10.687000000000001,677.63,3.17
10/26/2019 10:06:52 am,10.687999999999999,676.88,3.19
10/26/2019 10:06:52 am,10.689,676.34,3.38
10/26/2019 10:06:52 am,10.69,675.44,3.14
10/26/2019 10:06:52 am,10.690999999999999,674.36,3.32
10/26/2019 10:06:52 am,10.692,674.47,3.03
10/26/2019 10:06:52 am,10.693,673.66,3.2
10/26/2019 10:06:52 am,10.694,672.28,3.03
10/26/2019 10:06:52 am,10.695,671.66,3.11
10/26/2019 10:06:52 am,10.696,670.96,2.95
10/26/2019 10:06:52 am,10.697000000000001,669.91,3.49
10/26/2019 10:06:52 am,10.698,668.55,3.42
10/26/2019 10:06:52 am,10.699000000000002,668.15,3.17
10/26/2019 10:06:52 am,10.7,666.74,3.19
10/26/2019 10:06:52 am,10.700999999999999,665.66,3.24
10/26/2019 10:06:52 am,10.702,664.85,3.36
10/26/2019 10:06:52 am,10.703,664.04,3.49
10/26/2019 10:06:52 am,10.704,663.29,2.97
10/26/2019 10:06:52 am,10.705,662.21,2.84
10/26/2019 10:06:52 am,10.706,661.04,3.39
10/26/2019 10:06:52 am,10.707,660.02,3.14
10/26/2019 10:06:52 am,10.708,658.18,3.57
10/26/2019 10:06:52 am,10.709000000000001,656.97,3.47
10/26/2019 10:06:52 am,10.71,656.04,3.54
10/26/2019 10:06:52 am,10.710999999999999,654.8,3.52
10/26/2019 10:06:52 am,10.712,653.69,3.22
10/26/2019 10:06:52 am,10.713,652.42,3.6
10/26/2019 10:06:52 am,10.714,651.34,3.25
10/26/2019 10:06:52 am,10.715,650.24,3.06
10/26/2019 10:06:52 am,10.716,648.26,3.87
10/26/2019 10:06:52 am,10.717,647.32,2.84
10/26/2019 10:06:52 am,10.718,645.8,3.63
10/26/2019 10:06:52 am,10.719000000000001,644.29,3.35
10/26/2019 10:06:52 am,10.72,643.26,3.03
10/26/2019 10:06:52 am,10.720999999999998,641.67,3.19
10/26/2019 10:06:52 am,10.722000000000001,640.21,3.49
10/26/2019 10:06:52 am,10.722999999999999,639.18,3.49
10/26/2019 10:06:52 am,10.724,637.78,3.11
10/26/2019 10:06:52 am,10.725,636.18,3.6
10/26/2019 10:06:52 am,10.725999999999999,635.1,3.35
10/26/2019 10:06:52 am,10.727,633.99,3.25
10/26/2019 10:06:52 am,10.728,632.08,3.14
10/26/2019 10:06:52 am,10.729000000000001,631.59,3.52
10/26/2019 10:06:52 am,10.73,630.32,3.06
10/26/2019 10:06:52 am,10.731,628.62,3.46
10/26/2019 10:06:52 am,10.732000000000001,627.13,3.57
10/26/2019 10:06:52 am,10.732999999999999,626.46,3.81
10/26/2019 10:06:52 am,10.734000000000002,625.02,3.49
10/26/2019 10:06:52 am,10.735,623.78,3.36
10/26/2019 10:06:52 am,10.735999999999999,622.83,3.68
10/26/2019 10:06:52 am,10.737,621.1,3.22
10/26/2019 10:06:52 am,10.738,620.02,3.14
10/26/2019 10:06:52 am,10.739,618.97,3.08
10/26/2019 10:06:52 am,10.74,618.32,3.38
10/26/2019 10:06:52 am,10.741,616.73,3.62
10/26/2019 10:06:52 am,10.742,616.02,3.71
10/26/2019 10:06:52 am,10.743,615.29,3.44
10/26/2019 10:06:52 am,10.744000000000002,613.62,3.36
10/26/2019 10:06:52 am,10.745,613.35,3.3
10/26/2019 10:06:52 am,10.745999999999999,611.89,3.71
10/26/2019 10:06:52 am,10.747,611.11,3.87
10/26/2019 10:06:52 am,10.748,610.3,3.25
10/26/2019 10:06:52 am,10.749,609.08,3.28
10/26/2019 10:06:52 am,10.75,608.35,3.63
10/26/2019 10:06:52 am,10.751,607.38,3.87
10/26/2019 10:06:52 am,10.752,606.22,3.27
10/26/2019 10:06:52 am,10.753,605.19,3.25
10/26/2019 10:06:52 am,10.754000000000001,604.89,3.65
10/26/2019 10:06:52 am,10.755,603.89,3.36
10/26/2019 10:06:52 am,10.755999999999998,602.78,3.43
10/26/2019 10:06:52 am,10.757,601.89,3.73
10/26/2019 10:06:52 am,10.758,601.03,3.51
10/26/2019 10:06:52 am,10.759,599.89,3.27
10/26/2019 10:06:52 am,10.76,599.11,3.86
10/26/2019 10:06:52 am,10.761,598.76,3.63
10/26/2019 10:06:52 am,10.762,598.19,3.52
10/26/2019 10:06:52 am,10.763,596.81,3.28
10/26/2019 10:06:52 am,10.764000000000001,596.22,3.44
10/26/2019 10:06:52 am,10.765,595.27,3.52
10/26/2019 10:06:52 am,10.765999999999998,594.46,3.06
10/26/2019 10:06:52 am,10.767000000000001,593.49,3.33
10/26/2019 10:06:52 am,10.767999999999999,592.6,3.84
10/26/2019 10:06:52 am,10.769,591.71,3.52
10/26/2019 10:06:52 am,10.77,590.95,3.52
10/26/2019 10:06:52 am,10.770999999999999,590.63,3.65
10/26/2019 10:06:52 am,10.772,589.84,3.28
10/26/2019 10:06:52 am,10.773,588.52,3.17
10/26/2019 10:06:52 am,10.774000000000001,587.36,3.49
10/26/2019 10:06:52 am,10.775,586.36,3.44
10/26/2019 10:06:52 am,10.776,585.68,3.33
10/26/2019 10:06:52 am,10.777000000000001,584.9,3.41
10/26/2019 10:06:52 am,10.777999999999999,583.39,2.95
10/26/2019 10:06:52 am,10.779000000000002,582.82,3.14
10/26/2019 10:06:52 am,10.78,582.23,3.77
10/26/2019 10:06:52 am,10.780999999999999,581.2,3.28
10/26/2019 10:06:52 am,10.782,580.17,3.6
10/26/2019 10:06:52 am,10.783,579.2,3.11
10/26/2019 10:06:52 am,10.784,577.77,3.33
10/26/2019 10:06:52 am,10.785,577.39,3.4
10/26/2019 10:06:52 am,10.786,576.5,3.25
10/26/2019 10:06:52 am,10.787,575.71,3.44
10/26/2019 10:06:52 am,10.788,574.72,3.36
10/26/2019 10:06:52 am,10.789000000000001,574.18,3.2
10/26/2019 10:06:52 am,10.79,573.23,3.33
10/26/2019 10:06:52 am,10.790999999999999,572.45,3.6
10/26/2019 10:06:52 am,10.792,571.88,3.54
10/26/2019 10:06:52 am,10.793,570.15,3.36
10/26/2019 10:06:52 am,10.794,569.72,3.66
10/26/2019 10:06:52 am,10.795,569.02,3.52
10/26/2019 10:06:52 am,10.796,567.26,3.09
10/26/2019 10:06:52 am,10.797,567.02,2.93
10/26/2019 10:06:52 am,10.798,566.07,3.71
10/26/2019 10:06:52 am,10.799000000000001,564.72,3.52
10/26/2019 10:06:52 am,10.8,563.78,3.33
10/26/2019 10:06:52 am,10.800999999999998,562.37,3.49
10/26/2019 10:06:52 am,10.802,561.69,3.41
10/26/2019 10:06:52 am,10.802999999999999,560.26,3.28
10/26/2019 10:06:52 am,10.804,558.94,3.49
10/26/2019 10:06:52 am,10.805,557.78,3.25
10/26/2019 10:06:52 am,10.806,556.59,3.06
10/26/2019 10:06:52 am,10.807,555.08,3.22
10/26/2019 10:06:52 am,10.808,554.1,3.3
10/26/2019 10:06:52 am,10.809000000000001,552.13,3.52
10/26/2019 10:06:52 am,10.81,551.1,3.44
10/26/2019 10:06:52 am,10.811,549.67,3.55
10/26/2019 10:06:52 am,10.812000000000001,547.4,3.38
10/26/2019 10:06:52 am,10.812999999999999,545.83,3.3
10/26/2019 10:06:52 am,10.814,543.73,3.33
10/26/2019 10:06:52 am,10.815,542.02,3.49
10/26/2019 10:06:52 am,10.815999999999999,540.1,3.85
10/26/2019 10:06:52 am,10.817,537.43,3.41
10/26/2019 10:06:52 am,10.818,535.32,3.44
10/26/2019 10:06:52 am,10.819,533.78,4.01
10/26/2019 10:06:52 am,10.82,531.11,3.14
10/26/2019 10:06:52 am,10.821,528.7,3.3
10/26/2019 10:06:52 am,10.822000000000001,525.81,3.25
10/26/2019 10:06:52 am,10.823,523.08,3.39
10/26/2019 10:06:52 am,10.824000000000002,520.78,3.3
10/26/2019 10:06:52 am,10.825,518.0,3.76
10/26/2019 10:06:52 am,10.825999999999999,514.87,3.28
10/26/2019 10:06:52 am,10.827,512.49,3.82
10/26/2019 10:06:52 am,10.828,509.81,3.33
10/26/2019 10:06:52 am,10.829,507.25,3.27
10/26/2019 10:06:52 am,10.83,503.73,3.92
10/26/2019 10:06:52 am,10.831,501.09,3.52
10/26/2019 10:06:52 am,10.832,498.03,3.57
10/26/2019 10:06:52 am,10.833,494.08,3.6
10/26/2019 10:06:52 am,10.834000000000001,491.36,3.52
10/26/2019 10:06:52 am,10.835,488.52,3.33
10/26/2019 10:06:52 am,10.835999999999999,485.65,3.63
10/26/2019 10:06:52 am,10.837,482.41,3.65
10/26/2019 10:06:52 am,10.838,478.93,3.54
10/26/2019 10:06:52 am,10.839,475.36,3.49
10/26/2019 10:06:52 am,10.84,472.09,4.17
10/26/2019 10:06:52 am,10.841,468.2,3.25
10/26/2019 10:06:52 am,10.842,465.39,3.73
10/26/2019 10:06:52 am,10.843,461.12,3.33
10/26/2019 10:06:52 am,10.844000000000001,457.88,3.63
10/26/2019 10:06:52 am,10.845,453.72,3.49
10/26/2019 10:06:52 am,10.845999999999998,449.31,3.25
10/26/2019 10:06:52 am,10.847000000000001,445.94,3.35
10/26/2019 10:06:52 am,10.847999999999999,441.24,3.38
10/26/2019 10:06:52 am,10.849,436.78,3.33
10/26/2019 10:06:52 am,10.85,431.92,3.55
10/26/2019 10:06:52 am,10.850999999999999,428.19,3.79
10/26/2019 10:06:52 am,10.852,423.97,3.44
10/26/2019 10:06:52 am,10.853,418.97,3.63
10/26/2019 10:06:52 am,10.854000000000001,414.57,3.17
10/26/2019 10:06:52 am,10.855,410.12,3.34
10/26/2019 10:06:52 am,10.856,405.06,3.39
10/26/2019 10:06:52 am,10.857000000000001,400.09,3.58
10/26/2019 10:06:52 am,10.857999999999999,394.71,3.63
10/26/2019 10:06:52 am,10.859000000000002,390.04,3.36
10/26/2019 10:06:52 am,10.86,384.42,3.03
10/26/2019 10:06:52 am,10.860999999999999,379.45,3.33
10/26/2019 10:06:52 am,10.862,374.1,3.63
10/26/2019 10:06:52 am,10.863,368.84,3.3
10/26/2019 10:06:52 am,10.864,362.87,3.33
10/26/2019 10:06:52 am,10.865,356.65,3.58
10/26/2019 10:06:52 am,10.866,351.41,3.42
10/26/2019 10:06:52 am,10.867,345.15,3.74
10/26/2019 10:06:52 am,10.868,338.42,2.95
10/26/2019 10:06:52 am,10.869000000000002,331.4,3.58
10/26/2019 10:06:52 am,10.87,325.4,3.17
10/26/2019 10:06:52 am,10.870999999999999,317.98,3.2
10/26/2019 10:06:52 am,10.872,311.98,3.36
10/26/2019 10:06:52 am,10.873,305.41,3.09
10/26/2019 10:06:52 am,10.874,297.88,3.5
10/26/2019 10:06:52 am,10.875,289.99,3.49
10/26/2019 10:06:52 am,10.876,283.97,3.5
10/26/2019 10:06:52 am,10.877,276.81,3.27
10/26/2019 10:06:52 am,10.878,269.82,3.0
10/26/2019 10:06:52 am,10.879000000000001,261.88,3.44
10/26/2019 10:06:52 am,10.88,255.34,3.6
10/26/2019 10:06:52 am,10.880999999999998,247.8,3.27
10/26/2019 10:06:52 am,10.882,240.62,3.33
10/26/2019 10:06:52 am,10.883,232.9,3.44
10/26/2019 10:06:52 am,10.884,225.96,3.6
10/26/2019 10:06:52 am,10.885,218.18,3.49
10/26/2019 10:06:52 am,10.886,210.92,3.54
10/26/2019 10:06:52 am,10.887,203.71,3.66
10/26/2019 10:06:52 am,10.888,196.88,3.76
10/26/2019 10:06:52 am,10.889000000000001,189.53,3.36
10/26/2019 10:06:52 am,10.89,182.7,3.49
10/26/2019 10:06:52 am,10.890999999999998,175.39,3.55
10/26/2019 10:06:52 am,10.892000000000001,170.18,3.44
10/26/2019 10:06:52 am,10.892999999999999,164.19,3.39
10/26/2019 10:06:52 am,10.894,157.5,4.08
10/26/2019 10:06:52 am,10.895,150.16,3.71
10/26/2019 10:06:52 am,10.895999999999999,143.06,3.84
10/26/2019 10:06:52 am,10.897,137.02,3.33
10/26/2019 10:06:52 am,10.898,131.79,3.41
10/26/2019 10:06:52 am,10.899000000000001,126.75,3.63
10/26/2019 10:06:52 am,10.9,121.78,3.73
10/26/2019 10:06:52 am,10.901,116.43,3.66
10/26/2019 10:06:52 am,10.902000000000001,111.82,3.59
10/26/2019 10:06:52 am,10.902999999999999,107.5,3.79
10/26/2019 10:06:52 am,10.904000000000002,103.53,3.71
10/26/2019 10:06:52 am,10.905,100.13,3.31
10/26/2019 10:06:52 am,10.905999999999999,96.65,3.25
10/26/2019 10:06:52 am,10.907,92.96,3.2
10/26/2019 10:06:52 am,10.908,89.18,3.55
10/26/2019 10:06:52 am,10.909,84.94,3.22
10/26/2019 10:06:52 am,10.91,81.46,3.6
10/26/2019 10:06:52 am,10.911,77.25,3.71
10/26/2019 10:06:52 am,10.912,74.55,3.3
10/26/2019 10:06:52 am,10.913,70.94,3.36
10/26/2019 10:06:52 am,10.914000000000001,67.61,3.6
10/26/2019 10:06:52 am,10.915,65.19,3.49
10/26/2019 10:06:52 am,10.915999999999999,62.49,3.06
10/26/2019 10:06:52 am,10.917,59.98,3.42
10/26/2019 10:06:52 am,10.918,57.9,3.85
10/26/2019 10:06:52 am,10.919,55.6,3.44
10/26/2019 10:06:52 am,10.92,52.77,3.49
10/26/2019 10:06:52 am,10.921,50.67,3.27
10/26/2019 10:06:52 am,10.922,47.97,3.63
10/26/2019 10:06:52 am,10.923,45.72,3.52
10/26/2019 10:06:52 am,10.924000000000001,43.7,3.57
10/26/2019 10:06:52 am,10.925,41.84,3.76
10/26/2019 10:06:52 am,10.925999999999998,39.92,3.11
10/26/2019 10:06:52 am,10.927,37.92,3.47
10/26/2019 10:06:52 am,10.927999999999999,35.74,3.51
10/26/2019 10:06:52 am,10.929,34.14,3.33
10/26/2019 10:06:52 am,10.93,32.82,3.41
10/26/2019 10:06:52 am,10.931,31.64,3.65
10/26/2019 10:06:52 am,10.932,29.91,3.38
10/26/2019 10:06:52 am,10.933,28.5,3.76
10/26/2019 10:06:52 am,10.934000000000001,26.78,3.57
10/26/2019 10:06:52 am,10.935,25.18,3.51
10/26/2019 10:06:52 am,10.936,24.51,3.38
10/26/2019 10:06:52 am,10.937000000000001,23.05,3.55
10/26/2019 10:06:52 am,10.937999999999999,22.13,3.25
10/26/2019 10:06:52 am,10.939,21.0,3.79
10/26/2019 10:06:52 am,10.94,20.59,3.49
10/26/2019 10:06:52 am,10.940999999999999,19.03,3.33
10/26/2019 10:06:52 am,10.942,18.11,3.73
10/26/2019 10:06:52 am,10.943,17.38,3.57
10/26/2019 10:06:52 am,10.944,15.92,3.41
10/26/2019 10:06:52 am,10.945,15.79,3.69
10/26/2019 10:06:52 am,10.946,14.71,3.55
10/26/2019 10:06:52 am,10.947000000000001,13.39,3.32
10/26/2019 10:06:52 am,10.948,12.28,3.52
10/26/2019 10:06:52 am,10.949000000000002,11.74,2.87
10/26/2019 10:06:52 am,10.95,11.5,3.93
10/26/2019 10:06:52 am,10.950999999999999,10.72,3.98
10/26/2019 10:06:52 am,10.952,9.63,3.27
10/26/2019 10:06:52 am,10.953,9.2,3.73
10/26/2019 10:06:52 am,10.954,8.72,3.95
10/26/2019 10:06:52 am,10.955,8.82,3.6
10/26/2019 10:06:52 am,10.956,8.37,3.63
10/26/2019 10:06:52 am,10.957,6.86,3.36
10/26/2019 10:06:52 am,10.958,5.34,3.11
10/26/2019 10:06:52 am,10.959000000000001,3.83,3.04
10/26/2019 10:06:52 am,10.96,3.21,2.96
10/26/2019 10:06:52 am,10.960999999999999,3.04,3.82
10/26/2019 10:06:52 am,10.962,3.69,3.5
10/26/2019 10:06:52 am,10.963,4.88,3.55
10/26/2019 10:06:52 am,10.964,5.69,3.36
10/26/2019 10:06:52 am,10.965,5.77,3.49
10/26/2019 10:06:52 am,10.966,5.17,3.25
10/26/2019 10:06:52 am,10.967,4.23,3.38
10/26/2019 10:06:52 am,10.968,3.53,3.36
10/26/2019 10:06:52 am,10.969000000000001,3.5,3.65
10/26/2019 10:06:52 am,10.97,4.07,3.33
10/26/2019 10:06:52 am,10.970999999999998,4.5,3.49
10/26/2019 10:06:52 am,10.972000000000001,4.13,3.36
10/26/2019 10:06:52 am,10.972999999999999,4.4,3.44
10/26/2019 10:06:52 am,10.974,4.75,3.71
10/26/2019 10:06:52 am,10.975,4.56,3.03
10/26/2019 10:06:52 am,10.975999999999999,4.5,3.31
10/26/2019 10:06:52 am,10.977,4.26,3.06
10/26/2019 10:06:52 am,10.978,4.31,3.28
10/26/2019 10:06:52 am,10.979000000000001,4.83,3.33
10/26/2019 10:06:52 am,10.98,5.21,3.57
10/26/2019 10:06:52 am,10.981,5.07,3.43
10/26/2019 10:06:52 am,10.982000000000001,4.96,3.19
10/26/2019 10:06:52 am,10.982999999999999,4.26,3.22
10/26/2019 10:06:52 am,10.984000000000002,4.5,3.38
10/26/2019 10:06:52 am,10.985,4.53,3.41
10/26/2019 10:06:52 am,10.985999999999999,4.42,3.69
10/26/2019 10:06:52 am,10.987,4.56,3.44
10/26/2019 10:06:52 am,10.988,4.69,3.47
10/26/2019 10:06:52 am,10.989,4.75,3.6
10/26/2019 10:06:52 am,10.99,4.72,3.25
10/26/2019 10:06:52 am,10.991,4.48,3.63
10/26/2019 10:06:52 am,10.992,4.77,3.01
10/26/2019 10:06:52 am,10.993,4.83,3.95
10/26/2019 10:06:52 am,10.994000000000002,4.64,3.22
10/26/2019 10:06:52 am,10.995,4.77,3.77
10/26/2019 10:06:52 am,10.995999999999999,4.8,3.03
10/26/2019 10:06:52 am,10.997,5.18,3.46
10/26/2019 10:06:52 am,10.998,4.83,3.6
10/26/2019 10:06:52 am,10.999,4.85,3.33
10/26/2019 10:06:53 am,11.0,4.69,3.31
10/26/2019 10:06:53 am,11.001,4.72,3.57
10/26/2019 10:06:53 am,11.002,4.77,2.98
10/26/2019 10:06:53 am,11.003,4.42,3.63
10/26/2019 10:06:53 am,11.004000000000001,5.18,3.54
10/26/2019 10:06:53 am,11.005,4.77,3.41
10/26/2019 10:06:53 am,11.005999999999998,4.64,3.63
10/26/2019 10:06:53 am,11.007,4.8,3.3
10/26/2019 10:06:53 am,11.008,4.85,3.87
10/26/2019 10:06:53 am,11.009,5.04,3.82
10/26/2019 10:06:53 am,11.01,5.02,3.28
10/26/2019 10:06:53 am,11.011,4.61,3.44
10/26/2019 10:06:53 am,11.012,4.91,3.66
10/26/2019 10:06:53 am,11.013,4.86,3.39
10/26/2019 10:06:53 am,11.014000000000001,4.53,3.49
10/26/2019 10:06:53 am,11.015,4.64,3.65
10/26/2019 10:06:53 am,11.015999999999998,4.96,3.6
10/26/2019 10:06:53 am,11.017000000000001,5.02,3.55
10/26/2019 10:06:53 am,11.017999999999999,5.21,3.25
10/26/2019 10:06:53 am,11.019,4.53,3.71
10/26/2019 10:06:53 am,11.02,4.8,3.36
10/26/2019 10:06:53 am,11.020999999999999,4.77,3.52
10/26/2019 10:06:53 am,11.022,5.26,3.49
10/26/2019 10:06:53 am,11.023,5.18,3.33
10/26/2019 10:06:53 am,11.024000000000001,5.31,3.76
10/26/2019 10:06:53 am,11.025,4.61,3.44
10/26/2019 10:06:53 am,11.026,5.31,3.39
10/26/2019 10:06:53 am,11.027000000000001,4.88,3.33
10/26/2019 10:06:53 am,11.027999999999999,5.01,3.68
10/26/2019 10:06:53 am,11.029000000000002,4.83,3.58
10/26/2019 10:06:53 am,11.03,4.72,3.5
10/26/2019 10:06:53 am,11.030999999999999,5.02,3.73
10/26/2019 10:06:53 am,11.032,4.85,3.74
10/26/2019 10:06:53 am,11.033,4.77,4.0
10/26/2019 10:06:53 am,11.034,4.91,3.25
10/26/2019 10:06:53 am,11.035,4.96,3.36
10/26/2019 10:06:53 am,11.036,5.39,3.44
10/26/2019 10:06:53 am,11.037,4.72,3.22
10/26/2019 10:06:53 am,11.038,4.64,4.11
10/26/2019 10:06:53 am,11.039000000000001,5.07,3.82
10/26/2019 10:06:53 am,11.04,4.94,3.95
10/26/2019 10:06:53 am,11.040999999999999,5.07,3.47
10/26/2019 10:06:53 am,11.042,5.02,3.93
10/26/2019 10:06:53 am,11.043,4.53,3.31
10/26/2019 10:06:53 am,11.044,5.21,3.44
10/26/2019 10:06:53 am,11.045,4.8,3.51
10/26/2019 10:06:53 am,11.046,5.12,3.36
10/26/2019 10:06:53 am,11.047,4.53,3.71
10/26/2019 10:06:53 am,11.048,5.18,3.38
10/26/2019 10:06:53 am,11.049000000000001,4.83,3.36
10/26/2019 10:06:53 am,11.05,4.99,3.41
10/26/2019 10:06:53 am,11.050999999999998,4.99,3.55
10/26/2019 10:06:53 am,11.052,4.85,3.42
10/26/2019 10:06:53 am,11.052999999999999,4.91,3.33
10/26/2019 10:06:53 am,11.054,5.02,3.52
10/26/2019 10:06:53 am,11.055,4.75,3.57
10/26/2019 10:06:53 am,11.056,4.69,3.17
10/26/2019 10:06:53 am,11.057,5.29,3.39
10/26/2019 10:06:53 am,11.058,4.58,3.2
10/26/2019 10:06:53 am,11.059000000000001,4.99,3.14
10/26/2019 10:06:53 am,11.06,4.5,3.3
10/26/2019 10:06:53 am,11.061,5.02,3.65
10/26/2019 10:06:53 am,11.062000000000001,4.91,3.28
10/26/2019 10:06:53 am,11.062999999999999,4.72,3.19
10/26/2019 10:06:53 am,11.064,4.48,3.41
10/26/2019 10:06:53 am,11.065,4.83,3.22
10/26/2019 10:06:53 am,11.065999999999999,4.4,3.44
10/26/2019 10:06:53 am,11.067,4.61,3.2
10/26/2019 10:06:53 am,11.068,4.75,3.47
10/26/2019 10:06:53 am,11.069,4.56,3.22
10/26/2019 10:06:53 am,11.07,4.64,3.63
10/26/2019 10:06:53 am,11.071,4.5,3.55
10/26/2019 10:06:53 am,11.072000000000001,4.91,3.57
10/26/2019 10:06:53 am,11.073,4.69,3.52
10/26/2019 10:06:53 am,11.074000000000002,4.58,3.68
10/26/2019 10:06:53 am,11.075,4.21,3.68
10/26/2019 10:06:53 am,11.075999999999999,4.4,3.47
10/26/2019 10:06:53 am,11.077,4.69,3.01
10/26/2019 10:06:53 am,11.078,4.67,3.61
10/26/2019 10:06:53 am,11.079,4.64,3.68
10/26/2019 10:06:53 am,11.08,4.77,3.43
10/26/2019 10:06:53 am,11.081,4.61,3.63
10/26/2019 10:06:53 am,11.082,4.45,3.6
10/26/2019 10:06:53 am,11.083,4.45,3.54
10/26/2019 10:06:53 am,11.084000000000001,4.64,3.66
10/26/2019 10:06:53 am,11.085,4.42,3.47
10/26/2019 10:06:53 am,11.085999999999999,4.72,4.14
10/26/2019 10:06:53 am,11.087,4.48,3.3
10/26/2019 10:06:53 am,11.088,4.77,3.22
10/26/2019 10:06:53 am,11.089,4.51,3.19
10/26/2019 10:06:53 am,11.09,4.86,3.87
10/26/2019 10:06:53 am,11.091,4.56,3.63
10/26/2019 10:06:53 am,11.092,4.48,3.87
10/26/2019 10:06:53 am,11.093,4.42,3.79
10/26/2019 10:06:53 am,11.094000000000001,4.86,3.38
10/26/2019 10:06:53 am,11.095,4.53,3.5
10/26/2019 10:06:53 am,11.095999999999998,4.96,3.0
10/26/2019 10:06:53 am,11.097000000000001,4.72,3.36
10/26/2019 10:06:53 am,11.097999999999999,4.75,3.73
10/26/2019 10:06:53 am,11.099,4.77,3.52
10/26/2019 10:06:53 am,11.1,4.67,3.74
10/26/2019 10:06:53 am,11.100999999999999,5.1,3.65
10/26/2019 10:06:53 am,11.102,4.97,3.31
10/26/2019 10:06:53 am,11.103,4.32,4.09
10/26/2019 10:06:53 am,11.104000000000001,5.37,3.3
10/26/2019 10:06:53 am,11.105,5.07,3.79
10/26/2019 10:06:53 am,11.106,4.96,3.57
10/26/2019 10:06:53 am,11.107000000000001,4.67,3.39
10/26/2019 10:06:53 am,11.107999999999999,4.7,3.58
10/26/2019 10:06:53 am,11.109000000000002,4.88,3.54
10/26/2019 10:06:53 am,11.11,4.77,3.17
10/26/2019 10:06:53 am,11.110999999999999,5.18,3.36
10/26/2019 10:06:53 am,11.112,4.83,3.93
10/26/2019 10:06:53 am,11.113,4.94,3.63
10/26/2019 10:06:53 am,11.114,4.99,3.74
10/26/2019 10:06:53 am,11.115,4.83,3.12
10/26/2019 10:06:53 am,11.116,5.1,3.28
10/26/2019 10:06:53 am,11.117,4.94,3.09
10/26/2019 10:06:53 am,11.118,4.64,3.69
10/26/2019 10:06:53 am,11.119000000000002,5.15,3.36
10/26/2019 10:06:53 am,11.12,5.13,3.74
10/26/2019 10:06:53 am,11.120999999999999,5.02,3.69
10/26/2019 10:06:53 am,11.122,4.94,3.58
10/26/2019 10:06:53 am,11.123,4.7,3.55
10/26/2019 10:06:53 am,11.124,4.91,3.55
10/26/2019 10:06:53 am,11.125,4.53,3.71
10/26/2019 10:06:53 am,11.126,5.07,3.16
10/26/2019 10:06:53 am,11.127,4.72,3.62
10/26/2019 10:06:53 am,11.128,5.26,3.52
10/26/2019 10:06:53 am,11.129000000000001,4.99,3.65
10/26/2019 10:06:53 am,11.13,4.61,3.39
10/26/2019 10:06:53 am,11.130999999999998,4.88,4.06
10/26/2019 10:06:53 am,11.132,4.88,3.58
10/26/2019 10:06:53 am,11.133,4.88,3.93
